0 0.59038029375 0.8163598296875 0.6392257234375001 0.9218131421875 0.6841635171875 0.896426234375 0.7720852921875 0.8729921640624999 0.7232398625 0.6874724453125001 0.6587638953125 0.636698628125 0.7076093234374999 0.5214811171875 0.5806112078125001 0.503905565625 0.5938476625 0.5118164125 0.5180890578125 0.6933309624999999 0.53371959375 0.7499632984375 0.4946432515625 0.8456524171875 0.59038029375 0.8163598296875
0 0.3282226625 0.7969726625 0.37741421875 0.7948785984375 0.3969523921875 0.630840109375 0.3559222296875 0.6347457875 0.3282226625 0.7969726625
0 0 0.5605379015625 0.0472191140625 0.56834925625 0.0706649203125 0.7401991015625 0.1038798125 0.72262355 0.1329101625 0.7422851625 0.22892411406250002 0.9003319125000001 0.2230626625 0.6894252843750001 0.1859401359375 0.5468680265625 0.232831746875 0.5253867953125 0.117556534375 0.3125273296875 0.0569882 0.3222915234375 0.0569882 0.45313174843750004 0 0.431650515625 0 0.5605379015625
0 0.3145507875 0.5254882875 0.2523699203125 0.5507737046875001 0.2797233609375 0.6718497328125 0.34419932656249996 0.6679440546875 0.3145507875 0.5254882875
0 0.248462284375 0.488282853125 0.326614971875 0.541009509375 0.3187997046875 0.49414136875 0.35201459687500003 0.42579200000000006 0.338337875 0.378923859375 0.312938253125 0.28518757968749997 0.2579101625 0.2911132875 0.2523699203125 0.386735215625 0.3070768015625 0.4687544609375 0.258231371875 0.4355561953125 0.248462284375 0.488282853125
0 0.7720852921875 0.23636660156249997 0.7779467437500001 0.164111553125 0.8092078171875 0.209026853125 0.8326536234375 0.0859979875 0.6563476625 0.0372070375 0.6665791624999999 0.22074388749999999 0.7076093234374999 0.1758285890625 0.7291013140625 0.334008559375 0.7720852921875 0.23636660156249997
0 0.3207535203125 0.0000730640625 0.20126953749999998 0.0215820375 0.2816771765625 0.193404140625 0.32466115625 0.1875456234375 0.3461531453125 0.127007609375 0.3207535203125 0.0000730640625
0 0.3598298640625 0.3379142375 0.4145367453125 0.33205572031249997 0.42821346718750003 0.2031683359375 0.44775163906250004 0.142630321875 0.43016728281249994 0.08990366562499999 0.3868164125 0.1700195375 0.389137121875 0.2246495671875 0.35006077812499997 0.27347054531250004 0.3070768015625 0.238319440625 0.3598298640625 0.3379142375
0 0.5024585187499999 0.334008559375 0.531765778125 0.33010288125 0.5591192171875 0.2773762234375 0.5727959390625 0.2324609234375 0.5376272296875 0.1914513015625 0.5000976625 0.22470703749999998 0.44189018750000003 0.29690461562500003 0.469243628125 0.3066688109375 0.5005047031250001 0.2656591890625 0.5024585187499999 0.334008559375
0 0 0.20126953749999998 0.058942018750000005 0.1582530359375 0.019865675 0.0684224359375 0 0.0742809515625 0 0.20126953749999998
0 0.6509486265625 0.5429623484375 0.6919787859375 0.5644435796875 0.742778034375 0.5019527265625 0.742778034375 0.371112503125 0.7012695375 0.3653320375 0.6822097015625 0.4355561953125 0.7251936796875 0.47070730000000005 0.6822097015625 0.4804714953125 0.6509486265625 0.5429623484375
0 1 0.5997070375 0.9068986765625 0.6327929484375 0.89322195625 0.673802571875 0.9752822796875 0.7460576203125 0.9791899125000001 0.80464279375 0.9772360953125 0.867133646875 0.9068986765625 0.85736945 0.891268140625 1 1 1 1 0.5997070375