0 0.165625 0.4578125 0.225 0.2359375
0 0.0109375 0.68046875 0.021875 0.1078125
0 0.08046875 0.59296875 0.1421875 0.0671875
0 0.43828125 0.11796875 0.0796875 0.0984375
0 0.50703125 0.6703125 0.1734375 0.2390625
0 0.2390625 0.89921875 0.3296875 0.178125
0 0.57421875 0.8875 0.1796875 0.225
0 0.85080095625 0.9374071296875 0.8423964484375001 0.9313591625000001 0.8301166765625 0.933511575 0.816065934375 0.9320347828125 0.80871806875 0.9446044484374999 0.81342620625 0.9571501124999999 0.836038746875 0.967273746875 0.855086284375 0.9662630015625 0.8492871453124999 0.9927678156249999 0.857579034375 0.9957912562500001 0.8670528671875 0.9670903609374999 0.8735939265624999 0.9540055171875 0.88798239375 0.9645559046875001 0.8925981203125 0.9615979343750001 0.8787190203125 0.9175309687500001 0.8700027890625 0.922640265625 0.8377084531250001 0.9063344156250001 0.8382453453125001 0.9012262265625001 0.8165738296875 0.890340740625 0.7945689890625001 0.8949141078125 0.7923722140625 0.891240115625 0.7830282093750001 0.8941315015625 0.751114871875 0.8782960750000001 0.749009109375 0.8819482328125 0.7776734890625 0.9000244875 0.7704151046875001 0.9117427984375001 0.7717550859375 0.9679218531249999 0.7847416828125 0.9515529375 0.7881449421875 0.93555595625 0.7984978500000001 0.935352953125 0.8227181453125001 0.91379696875 0.8286790359375 0.9144234843750001 0.8515600234375 0.9219930234374999 0.865410196875 0.9294741453125 0.8640000875 0.9387944140625001 0.85080095625 0.9374071296875
0 0.6874267859375001 0.8842364234375 0.675264153125 0.8995901015625 0.6830437140625001 0.9197751328124999 0.718764540625 0.9239599234375 0.7096829578125 0.89158725625 0.6874267859375001 0.8842364234375
0 0.7561795671875 0.5434045125 0.7780501890625 0.5401081609375 0.800033428125 0.539836365625 0.8216990171875 0.5180119046875 0.837649028125 0.489130925 0.834486625 0.4741654140625 0.7959643515625 0.4679646296875 0.768246890625 0.481836465625 0.7716241140625 0.445608628125 0.7797370406249999 0.4503347875 0.798023975 0.45656068124999993 0.807119671875 0.443744334375 0.8144257906249999 0.4479553390625 0.8243455718750001 0.4068201125 0.858628725 0.3919168171875 0.8602378749999999 0.36841471875 0.8225514671875 0.39931498125 0.8104939343750001 0.39116150625 0.8434031765625001 0.356563765625 0.8578118484375 0.35463510781249996 0.86536474375 0.3605935609375 0.8764321125000001 0.345402125 0.8785364093749999 0.33357249218749996 0.8843832171875 0.322996996875 0.8771203765625 0.31018282343750003 0.8592593109375001 0.3040016890625 0.8535914046874999 0.3128744546875 0.863365675 0.3345603015625 0.8448132875000001 0.3472434875 0.8518927062499999 0.337227915625 0.8041479 0.386007975 0.7899570078125 0.3530982828125 0.7856328312499999 0.35737803281249997 0.7614430640625 0.4236973359375 0.7797053984375 0.41786984218749995 0.7817679171874999 0.42282085937499997 0.7423090375 0.44191444375 0.73733245625 0.4319228578125 0.6979183234375 0.4505907171875 0.690571925 0.47133787656250004 0.660389240625 0.48408983125000005 0.6563969609375 0.4647332546875 0.6646165453124999 0.43977401250000003 0.661908971875 0.46143914375 0.67129775 0.4581220828125 0.6848951609375 0.43114573125 0.687376096875 0.3952540625 0.7076187703125 0.3623928515625 0.7248043546875 0.3504267765625 0.73403138125 0.3199784046875 0.750362421875 0.2915678578125 0.7471292453125 0.2567971625 0.7254562671875 0.237734175 0.7119207796875 0.23545076250000002 0.716374753125 0.20536149374999998 0.7239925609375 0.19841520937499998 0.74277675 0.17533515 0.74960493125 0.13903963749999998 0.7782172125 0.11665414062499999 0.7884531421875 0.088894134375 0.783879196875 0.0750714125 0.7767751453125 0.073033590625 0.7627721390625 0.0874860984375 0.7505631703125 0.10944372499999999 0.71183050625 0.1789687546875 0.71057925 0.1990653828125 0.6981883578125 0.2063707671875 0.6906600265625 0.21246570937499998 0.7027436296875 0.24085002656249999 0.7008379859375 0.27126845781250003 0.6898832671874999 0.28948443749999997 0.6653714234375 0.309718590625 0.6622813234375 0.322735765625 0.66564579375 0.33987444375 0.6653788140625 0.35060603125 0.658321 0.35632001406249997 0.6444261171875 0.3492645890625 0.6391132078124999 0.33837694375 0.572771275 0.400265859375 0.59338595625 0.4089190125 0.6049051000000001 0.41400316875 0.624515559375 0.428115115625 0.5993527703125 0.442255459375 0.5958816390624999 0.45480220625 0.5900795390625 0.4649520296875 0.5950792609375 0.478819478125 0.5990238703124999 0.4822467625 0.6111448203125 0.46931800937499996 0.6219422109375 0.4485031828125 0.6269143703125 0.4339622703125 0.6387005265625 0.4283148453125 0.62783821875 0.46203445624999995 0.6170870671875 0.49060106875000004 0.6142654140625 0.5010641484375 0.622828709375 0.5178884874999999 0.6369472671875 0.5228154765624999 0.649945859375 0.5302070921875 0.656084246875 0.5209534062500001 0.6478587421875 0.5132026703125 0.6419410937500001 0.5039729796875 0.6407286578125 0.4909339703125 0.6340489125000001 0.48076342343749995 0.6326791484375 0.46512556875 0.6411917828125 0.449665603125 0.6488572921875 0.45864862031250003 0.6745882578125 0.5414968 0.6523641375 0.57273105 0.6477990765625 0.6079732734375 0.6474008312499999 0.636336915625 0.6518405578124999 0.65143664375 0.6718396828125 0.658669934375 0.6853418515625 0.6521633546875 0.6865484000000001 0.632492390625 0.686701296875 0.6105587828125 0.6903066515625 0.5967350046875 0.7002756015625 0.5797065546875 0.7112750609375 0.5610648968749999 0.7229948046875 0.5601447640624999 0.74391996875 0.5330778453125 0.751941915625 0.5304778859375 0.7561795671875 0.5434045125
0 0.631010928125 0.053441178125 0.630700703125 0.07277593906249999 0.6373371718749999 0.09154965625 0.6459869874999999 0.091167634375 0.645129515625 0.0583681859375 0.6420768328124999 0.030072250000000002 0.6360047234375 0.034598678125 0.631010928125 0.053441178125
0 0.5748817578125001 0.08369417343749999 0.5875194609375 0.0781362796875 0.5975562546875001 0.0645580625 0.6069435671875001 0.053063525 0.6233197078125 0.0243104546875 0.5936948859375 0.0070935890625 0.5854018484375 0.016368525000000002 0.5935162375 0.029272184375 0.5985390921875 0.047015545312500004 0.5909659921875 0.053536145312500005 0.5729460734375 0.036578667187500004 0.5789546984375 0.053134465625 0.5805265296875 0.07094550468750001 0.5748817578125001 0.08369417343749999
0 0.5226260984375 0.44980889687500003 0.526186715625 0.4364107640625 0.5254895312500001 0.42256514999999994 0.5275259890624999 0.4072852875 0.53942619375 0.41283990781249996 0.5438354249999999 0.3831763203125 0.5510692390624999 0.359404640625 0.552607615625 0.316097340625 0.550722596875 0.3012661046875 0.5322581953125 0.30492043125 0.5209642234375 0.30588531875 0.4497253296875 0.426652846875 0.4114789296875 0.45878536406250003 0.45401512187500004 0.48004115625 0.46909191406249995 0.45537225625 0.4717547765625 0.4341328390625 0.483428315625 0.42546090156250005 0.498578878125 0.436952165625 0.5013154765625 0.4518729203125 0.5094515046875 0.460474978125 0.5226260984375 0.44980889687500003
0 0.181472859375 0.17868573125 0.1939881859375 0.1795510125 0.21367513593749998 0.1807199484375 0.22984956250000002 0.1981742109375 0.23394935781249998 0.1891526015625 0.22824781249999998 0.15344381406250002 0.216032775 0.12830350937499999 0.2012862953125 0.10154675937499999 0.1879708578125 0.0825925125 0.16908758125 0.0391424703125 0.177338103125 0.123786403125 0.1638642890625 0.1363240328125 0.1507632859375 0.13674753906249998 0.143428621875 0.14227834687500002 0.1683430625 0.149398178125 0.18875609843750002 0.14794270468749998 0.181585975 0.1561915296875 0.1753064796875 0.164533965625 0.181472859375 0.17868573125
0 0.3450788046875 0.792623796875 0.33364909374999996 0.775746796875 0.31302667500000003 0.759966178125 0.292191271875 0.754063634375 0.2877035484375 0.7614297921875 0.27836431875 0.7835492296875 0.294154509375 0.8021220874999999 0.29969217812500004 0.7808406890625 0.3274931484375 0.8225393609375 0.352819115625 0.8367517515625 0.3651908640625 0.8368145078125 0.3782694890625 0.8262261203125 0.381015446875 0.8079514281250001 0.35951324375000004 0.796616021875 0.3450788046875 0.792623796875