0 0.7049471046875 0.5394937203125 0.579964065625 0.5109164328125 0.592460675 0.5199508109375001 0.5011703203125 0.6941718453125 0.51180554375 0.75195096875 0.4645380421875 0.843870234375 0.56246379375 0.8230331468750001 0.6019324890625 0.9323423375000001 0.648911896875 0.9109686203124999 0.7385415171874999 0.8952866125 0.7060510671875 0.7062156921875 0.6462456796875 0.650015634375 0.7049471046875 0.5394937203125
0 0.385941053125 0.6213610328125 0.3447266203125 0.621675834375 0.3029934546875 0.7808712109375 0.35218033125 0.7830724421874999 0.385941053125 0.6213610328125
0 0 0.517595428125 0.0429850515625 0.5286267125 0.051363939062499996 0.7018660531250001 0.0859842484375 0.6872522515624999 0.11319050625 0.70936920625 0.1950644140625 0.8751827078125001 0.207606990625 0.664567784375 0.18305041093750002 0.519317559375 0.2316357984375 0.50200494375 0.1353511671875 0.279908575 0.0741623078125 0.2843567359375 0.06275883125000001 0.41469907343749995 0.0078597015625 0.388332734375 0 0.47816952968750004 0 0.517595428125
0 0.2655838890625 0.65199741875 0.33015490625 0.653726053125 0.31303502656250004 0.5092283328125 0.2488870078125 0.5289981125 0.2655838890625 0.65199741875
0 0.2770370640625 0.2708086453125 0.2631839046875 0.3655838390625 0.31053416093749997 0.45205899531249993 0.26476802187500004 0.4147298984375 0.25044067812500004 0.46640448437500004 0.32370054062500003 0.5257419546875 0.31999984062500003 0.47837101562499995 0.3590453796875 0.41317660624999997 0.3495055296875 0.3652948078125 0.332372215625 0.2697015 0.2770370640625 0.2708086453125
0 0.7350727078125 0.1951565046875 0.742696621875 0.3546077015625 0.794027090625 0.2610836015625 0.8061636796875 0.189614365625 0.8333911687500001 0.23708333124999997 0.867470428125 0.1165660640625 0.6960877765625 0.0525947015625 0.690284053125 0.236324871875 0.7350727078125 0.1951565046875
0 0.24506576249999998 0 0.30922955 0.1755427421875 0.3525605671875 0.17345281875000002 0.3792470078125 0.11501832187500001 0.3665174703125 0 0.24506576249999998 0
0 0.41355735937500004 0.216035021875 0.370374684375 0.26126449375 0.33061789531249997 0.22250085 0.374489959375 0.326314390625 0.4294992671875 0.3252461859375 0.4543572203125 0.19804126093750002 0.4790972796875 0.1394364765625 0.46617526875 0.085377884375 0.416006803125 0.1614106125 0.41355735937500004 0.216035021875
0 0.4598122421875 0.2926128515625 0.48621058906250003 0.3047239 0.5209269296875 0.2665949140625 0.5169162703125 0.33485448125 0.546452409375 0.33351796093749997 0.5782971906250001 0.283375953125 0.5958364953124999 0.239823575 0.5643758375 0.19590485156249998 0.524090653125 0.22576312187499997 0.4598122421875 0.2926128515625
0 0.05930719375 0.0282182546875 0.0390065109375 0.0323230703125 0.0279387265625 0.158828425 0.0904055875 0.12111274999999999 0.05930719375 0.0282182546875
0 0.7268897765625 0.490445690625 0.683218359375 0.4964264296875 0.64662980625 0.5559549031250001 0.6856316203125 0.58093040625 0.741684 0.5231047953125 0.7530874765625 0.392762459375 0.7122407328125 0.3833862859375 0.6871329859374999 0.4516820453125 0.7268897765625 0.490445690625
0 0.9581655874999999 1 0.9894073078125001 0.6429054937500001 0.8937766359375001 0.6677511875000001 0.8765777359375001 0.7074127515625 0.952028353125 0.7865448765624999 0.95081508125 0.8452476890625 0.9434222625 0.907330459375 0.8742035046875 0.8914731078125 0.8526083859375 1 0.9581655874999999 1