0 0.64231641875 0.5136642109375 0.6502817624999999 0.516376053125 0.658741071875 0.513585753125 0.6704061921875 0.4973279671875 0.6784533109375 0.50160016875 0.683832790625 0.49975359687500004 0.6865446328125 0.4917882546875 0.684868246875 0.45980090156250003 0.7004718343749999 0.458983153125 0.7006762703125 0.46288405 0.7045362796875 0.4618994328125 0.7029416687500001 0.4314724390625 0.7086106796875 0.420222828125 0.7281936203125 0.4356252953125 0.7320945156249999 0.4354208578125 0.7334504374999999 0.43143818593749994 0.7482329578125 0.42988114531250005 0.7493811234375001 0.436861871875 0.7580448718749999 0.43797246875000007 0.7591112625 0.4433928359375 0.76998956875 0.4569045265625 0.778489765625 0.45489440625000005 0.7757436703125 0.43235098125000004 0.8016188859375 0.40361364375 0.8065452875 0.40804939375 0.8112263625 0.40780406874999997 0.8167318234375 0.3934337421875 0.8175970953125 0.38008891875 0.81238448125 0.3701919125 0.8109909906249999 0.358530109375 0.7914522546875 0.32904352812500004 0.7908389421875001 0.31734083750000003 0.79519291875 0.310854078125 0.8155217859375 0.2957068890625 0.8218074265625 0.2812956734375 0.831333128125 0.2839257421875 0.839336040625 0.3022820578125 0.8552634093749999 0.3225700375 0.867950715625 0.3258167359375 0.8739877125 0.32158873906249996 0.8733777187499999 0.29502175468749997 0.8610617171875001 0.28393237656250003 0.834709121875 0.243850384375 0.83590149375 0.2367469953125 0.8452227578124999 0.235476165625 0.8489192171875001 0.2313708328125 0.8489667390625 0.202422421875 0.8297208515625 0.14866850625 0.823891609375 0.1419331046875 0.8113678515625 0.14180712499999998 0.8045097875 0.14529582968750002 0.7943232515624999 0.15991148125000001 0.775561378125 0.14524830625000001 0.76931994375 0.14557540625 0.7649659671875 0.152062165625 0.7524830984374999 0.152716365625 0.744228225 0.15940756250000002 0.7426236625 0.173573453125 0.727347175 0.1806326359375 0.723691603125 0.18551815 0.6572138890625 0.36502458125000004 0.656961928125 0.3900720953125 0.6520730984374999 0.4012808171875 0.6524001984375001 0.40752225312499996 0.655561803125 0.40813888125000003 0.6642631203125 0.4248939515625 0.661507071875 0.4469434109375 0.64836336875 0.4648433296875 0.65139899375 0.477983715625 0.6464692750000001 0.488412259375 0.6451100375000001 0.5072592265625 0.64207109375 0.508983134375 0.64231641875 0.5136642109375
0 0.597912190625 0.2680283078125 0.588277234375 0.196179046875 0.5513170546875 0.1629167046875 0.52650985 0.39887908906249997 0.5559813499999999 0.40124559218750006 0.537584925 0.4608752796875 0.53859769375 0.5175322578125 0.6089316499999999 0.5529565937500001 0.5807144015625 0.462526 0.6050757171875001 0.367384359375 0.5752046734375 0.3200618546875 0.58322290625 0.2863978125 0.60642290625 0.3184257765625 0.6134098328124999 0.30241545468750003 0.597912190625 0.2680283078125
0 0.5681065125 0.781936365625 0.624160003125 0.8435308593749999 0.6690640218749999 0.7297129484375 0.603552175 0.7116355703125 0.5681065125 0.781936365625
0 0.6029855421875 0.92481685 0.5861685171875 0.8279222359375 0.5244555625 0.85281690625 0.5180552359374999 0.94686753125 0.551837828125 0.9568301734375 0.5931183703125 0.9605333109374999 0.6029855421875 0.92481685
0 0.223154115625 0.43433248124999996 0.21914036406249998 0.469742178125 0.2595010734375 0.455893846875 0.2445888421875 0.544673725 0.29869119375 0.606370471875 0.3322415734375 0.7238988375 0.370047190625 0.6612964359375 0.24548062812500002 0.2630322359375 0.2012227171875 0.2830152125 0.223154115625 0.43433248124999996
0 0.39228076562499997 0.45089067656250004 0.416419134375 0.42615941093750004 0.33323159687500004 0.3015223890625 0.31814673125000004 0.41762101406249996 0.39228076562499997 0.45089067656250004
0 0.5200524765625001 0.35032952812499996 0.42322946406249995 0.2947827125 0.40528767187500003 0.3329505875 0.5069984546875 0.3999016390625 0.5200524765625001 0.35032952812499996
0 0.44149526562499997 0.46404779218750003 0.38056465781250004 0.48865955625 0.37436755312500003 0.631737228125 0.47121837187500004 0.5758179953125 0.47576168281250003 0.4758484140625 0.44149526562499997 0.46404779218750003
0 0.37089238281250003 0.1547726890625 0.355933565625 0.018670309375 0.27898375625 0.050110701562500005 0.28372286406249997 0.0967644375 0.32264345156249996 0.0927691765625 0.31829528125 0.23379443125 0.37089238281250003 0.1547726890625
0 0.44884503125 0.11157698125 0.471338871875 0.09279845625000001 0.47132960312499994 0.12995380625 0.4440043796875 0.16854072343749998 0.4661823421875 0.181067059375 0.50881006875 0.135811615625 0.49609046562500003 0.079768165625 0.4570769421875 0.044657915625 0.44620292343749995 0.068728390625 0.44884503125 0.11157698125
0 0 0.228377825 0.0360025390625 0.22316701874999997 0.0225396984375 0.26493847812500004 0.060735590625 0.2844474265625 0.07614956875 0.2425737109375 0.052661498437499996 0.1303845609375 0 0.1602440453125 0 0.228377825
0 0.1299082328125 0.44704136562499996 0.0359469234375 0.44609911406249997 0.05133309375 0.5156914453125 0.15278308125 0.5475295421874999 0.1370903 0.4720867203125 0.16327274375 0.486358709375 0.1775532125 0.4601885515625 0.1268513890625 0.3513811328125 0.0721781796875 0.3210710359375 0.1299082328125 0.44704136562499996