0 0.708691509375 0.5033050296875 0.58064485 0.4968649734375 0.5945204125 0.5035920843749999 0.5348701265625 0.6910187140625 0.5553770171875 0.74607325625 0.5247892281250001 0.8448039765625 0.6176089453125 0.8072788234375 0.675459365625 0.9080736937499999 0.7180135421875 0.8788668046874999 0.803558334375 0.8478590203125 0.7387296671875 0.6673024203125 0.670073821875 0.6223412640625 0.708691509375 0.5033050296875
0 0.40874798593749995 0.6393234140625 0.3682143578125 0.64679024375 0.3547592 0.8108139734375 0.4035810578125 0.8044405515624999 0.40874798593749995 0.6393234140625
0 0 0.5218304671875 0.0071788765625 0.6038854078125 0.0548991125 0.607551621875 0.0932334015625 0.7767040890625 0.12479009062499999 0.75630055 0.15542359375 0.77335718125 0.2648468640625 0.9224343484374999 0.24062599375 0.71284114375 0.191220046875 0.5740618000000001 0.2360610078125 0.5485754390625 0.10267252812500001 0.3465728640625 0.0431856796875 0.36157877968749996 0.05458915625000001 0.49192111875 0 0.47662457031249994 0 0.5218304671875
0 0.295539271875 0.6903941671875 0.359429484375 0.6808839 0.31747792812500003 0.5415542609374999 0.257737446875 0.5721628796875 0.295539271875 0.6903941671875
0 0.2406257109375 0.313007684375 0.2434405515625 0.40874860625 0.3050877046875 0.485687725 0.2535347265625 0.4568729484375 0.2483982453125 0.510250396875 0.33084896874999997 0.55596495625 0.3189786125 0.5099563093749999 0.346110071875 0.4389721609375 0.3284005671875 0.3934743734375 0.29492794375 0.3023085109375 0.2406257109375 0.313007684375
0 0.6785659078124999 0.1589678140625 0.7137624078125 0.3146727125 0.7480727609375 0.2136560109375 0.747614465625 0.1411650546875 0.7826712078125 0.18318485625 0.7953051234374999 0.0585807171875 0.6154176484375 0.025341507812500004 0.6416065046874999 0.2072882109375 0.6785659078124999 0.1589678140625
0 0.16070942500000002 0.0494386375 0.2557863703125 0.21359891874999998 0.2980961796875 0.20401639375 0.31423015 0.1418355953125 0.277864103125 0.017597796875 0.16070942500000002 0.0494386375
0 0.3655606171875 0.23535969531249998 0.33088799999999996 0.287400621875 0.28500396875 0.25612957812500003 0.34623654843749996 0.3507476546875 0.40022465 0.3401434125 0.40261605312500004 0.210554478125 0.41680364062499997 0.148543965625 0.3946907671875 0.09755052812500001 0.3584874171875 0.1811398125 0.3655606171875 0.23535969531249998
0 0.42441038437499995 0.302742059375 0.4525107421875 0.3100850890625 0.480078634375 0.2665069390625 0.48798205625 0.3344259328125 0.516837390625 0.3279808203125 0.539491309375 0.2730707953125 0.5492013609375 0.22713440624999998 0.51059225625 0.18934599375 0.476103928125 0.22574609843750001 0.42441038437499995 0.302742059375
0 0 0.22491465000000002 0.030835167187500002 0.197994221875 0 0.1412243140625 0 0.22491465000000002
0 0.7217837234375 0.4511918453125 0.6798143171875 0.4646651859375 0.6541186375 0.5296428234375 0.6968648765625 0.5474662984374999 0.74202438125 0.4807857953125 0.7306209046875 0.350443459375 0.6887665593750001 0.34830269375 0.675899690625 0.41992080156249995 0.7217837234375 0.4511918453125
0 1 0.558852096875 0.916923971875 0.596824075 0.9068735203125 0.6388696484375 0.9949190218749999 0.7036977171875 1 0.736458409375 1 0.558852096875
0 1 0.8237665312500001 0.9364971046875 0.8205459953125 0.93335711875 0.963996084375 1 0.9581655874999999 1 0.8237665312500001