0 0.16484375 0.46328125 0.221875 0.2328125
0 0.01171875 0.6890625 0.0234375 0.10625
0 0.08203125 0.60078125 0.140625 0.065625
0 0.43125 0.11875 0.078125 0.096875
0 0.51015625 0.6703125 0.1703125 0.2359375
0 0.24609375 0.90390625 0.328125 0.171875
0 0.5796875 0.88671875 0.175 0.2265625
0 0.858381334375 0.9312181890625 0.8498725546875001 0.9253178234374999 0.8376322171874999 0.92768421875 0.8235578421874999 0.9264528703125 0.8164304671875 0.9391488593749999 0.8213568390624999 0.9516104437499999 0.84414261875 0.96133789375 0.8631696140624999 0.959994878125 0.8578339312500001 0.9865968625000001 0.8661773234375 0.9894751312500001 0.8751488140625 0.960613265625 0.8814605156249999 0.94741625625 0.8960309203125 0.957713925 0.9005943203125 0.9546758499999999 0.885948259375 0.9108578187499999 0.877322525 0.9161184562500001 0.8447485312499999 0.9003787046875 0.8451961921875 0.8952619234375 0.823338 0.884756315625 0.8014163249999999 0.889713021875 0.799155765625 0.8860779296875 0.7898636453125001 0.88913195 0.7576788015625 0.8738559 0.7556371000000001 0.8775442515625 0.7846125875000001 0.8951174906249999 0.777559821875 0.90696069375 0.779880059375 0.9631078046875 0.7925790015625 0.9465147375 0.79570255625 0.930460796875 0.80605034375 0.930077140625 0.8298907468750001 0.9081017375 0.8358616640625 0.908624125 0.8588712734374999 0.9157931828124999 0.8728499 0.923031446875 0.8716026671874999 0.93237490625 0.858381334375 0.9312181890625
0 0.694104090625 0.8809068531250001 0.6822112671875 0.8964704609374999 0.690341921875 0.9165166453125 0.7261303421874999 0.920077384375 0.7164851609375 0.8878681421874999 0.694104090625 0.8809068531250001
0 0.7568980625 0.5389269515625 0.778707825 0.5352494078125 0.8006829734375 0.5345939937499999 0.8219643718749999 0.5123947390625 0.8374079109375 0.48323979218749996 0.8339848062499999 0.4683317515625 0.79536018125 0.46280421875 0.7678890375 0.4771576796875 0.770633484375 0.44087641875 0.7788276578125 0.4454602671875 0.7972204640625 0.4513660609375 0.8060911000000001 0.43839292500000004 0.813469596875 0.44247577812500005 0.822669959375 0.40117369375 0.8566877921874999 0.38567434375 0.8578865296875 0.3621477421875 0.8207451453125 0.393701015625 0.8085471500000001 0.3857592171875 0.8408475671875 0.3505923984375 0.855220384375 0.3484125703125 0.86287611875 0.3542382984375 0.8736766749999999 0.338856025 0.8755741968749999 0.32699146875 0.8812355453125 0.31631554375 0.873750171875 0.303630075 0.8557839515625 0.29776159999999996 0.8502717593750001 0.3067319328125 0.8604230125000001 0.32824389374999996 0.8420948015624999 0.34124893125 0.848998346875 0.33111133125 0.802112140625 0.380717225 0.7873490578125 0.348060209375 0.78310023125 0.352414775 0.7600715796874999 0.4191461453125 0.778229428125 0.41300081874999994 0.7803780421875001 0.41791508593750004 0.7412584 0.43769441562500006 0.7361081984375 0.4277912046875 0.69702586875 0.447144090625 0.6900426765625001 0.46801630312500003 0.6600871421875001 0.48129307656250003 0.6557576515625 0.4620091234375 0.663540384375 0.4369102296875 0.6612113328125 0.458619315625 0.6705407890624999 0.45513890312500005 0.683665328125 0.42792935312499997 0.6855194890625 0.3919998515625 0.705185571875 0.3587903625 0.722159703125 0.3465261796875 0.7308539265625 0.31592141093750004 0.7466866484375 0.2872301765625 0.74284713125 0.25252120312500004 0.720844759375 0.2338393640625 0.7072714812500001 0.2317925265625 0.711199646875 0.201630109375 0.7186950640624999 0.194551934375 0.737073590625 0.17114755937499998 0.7432672890625 0.1347384078125 0.7714845312499999 0.111856965625 0.7812344234374999 0.083922546875 0.776419934375 0.07018175625 0.7692814 0.0682682265625 0.7555327578125001 0.0829629203125 0.7437088625 0.105130278125 0.706195475 0.17532069687500001 0.7052951453125 0.19543610312499998 0.6930336359375 0.20295662499999997 0.6856128218750001 0.2091820265625 0.698189959375 0.23735113124999999 0.69681548125 0.26779818906249997 0.68618034375 0.28620257968749996 0.66202536875 0.3068614421875 0.6591629203125 0.3199305640625 0.6628259890625 0.3370079140625 0.6627463421875001 0.3477425265625 0.655789325 0.35357881562500004 0.641773425 0.3467669640625 0.636271309375 0.3359737 0.571019590625 0.399011015625 0.59178215 0.407303075 0.6033882703125 0.41218542031250005 0.62324203125 0.42595296875 0.5983298578125 0.44053030781249997 0.595078225 0.453135725 0.5894541484375 0.4633852625 0.5946951281249999 0.4771633421875 0.5986989515625 0.4805212609375 0.6105924171875 0.46738293750000004 0.6210248953125 0.446382840625 0.625742521875 0.43175736562499994 0.6374283234375 0.42590510468750004 0.627156159375 0.45980915468749994 0.6169052015625 0.48855905 0.6142665828125 0.4990697796875 0.6231221984374999 0.5157421078125 0.6373245937500001 0.5204219421875 0.6504502078125001 0.527585575 0.6564261609375001 0.5182261687499999 0.648066640625 0.5106201671874999 0.6419888140625 0.5014951609375 0.640549 0.488479296875 0.6336927718750001 0.4784268765625 0.6320502968749999 0.462815309375 0.640291821875 0.44720913281249997 0.648112940625 0.45605700000000005 0.6752858859375 0.5384434953125 0.6536102640625 0.5700608515625001 0.649660959375 0.605377378125 0.6497577890625 0.6337436515625 0.654460365625 0.6487635968750001 0.6745826828125 0.6556467515625 0.687969240625 0.64890551875 0.6888322984374999 0.6292164921875 0.6886023781249999 0.6072835578125 0.6919659265625 0.5933989625 0.7016361703125 0.5761991234375 0.7123086125 0.5573683390624999 0.7240105125 0.55624380625 0.7444601078125 0.5288158171874999 0.75243545625 0.5260762515625 0.7568980625 0.5389269515625
0 0.6231974484375 0.0512227359375 0.6232247078125 0.070559965625 0.6301878125 0.0892150015625 0.6388296437500001 0.088682078125 0.6373998734375 0.055902590625000005 0.6338538234375 0.027664240624999996 0.6278616359375 0.0322959515625 0.6231974484375 0.0512227359375
0 0.5676048140625001 0.0824507125 0.58014359375 0.07667310625 0.5899418859375001 0.062921790625 0.5991271625000001 0.0512651734375 0.6149989984374999 0.022230679687499998 0.5850782125 0.0055334609375 0.5769483078125 0.014951715625 0.5852866609375 0.0277117953125 0.5906184156250001 0.0453647921875 0.58316026875 0.052016568750000006 0.5648471453125 0.0353761640625 0.5711437953125 0.051824575 0.57302623125 0.0696054703125 0.5676048140625001 0.0824507125
0 0.521746696875 0.4494216625 0.5250729421875 0.4359634265625 0.524134225 0.4221320890625 0.5259037015625 0.4068190140625 0.5378990359375 0.4121651 0.5417898953125 0.3824290796875 0.5486077328125 0.358534771875 0.5493900593750001 0.3152072203125 0.5472464875 0.30041114062499996 0.528848675 0.3043871609375 0.5175732625 0.30554900625000003 0.448452903125 0.42754143281249996 0.4107731171875 0.460336546875 0.45367379531249996 0.48084674375 0.4683177609375 0.4559184734375 0.4706095390625 0.4346358171875 0.482129953125 0.4257614703125 0.49747875781250006 0.43698656874999997 0.5004753421875 0.45185729218750004 0.508760259375 0.4603160453125 0.521746696875 0.4494216625
0 0.1759136640625 0.18429373437500002 0.1884421875 0.1849404609375 0.2081465390625 0.1857656328125 0.22462312187500003 0.20293495625000002 0.2285648421875 0.19384316875000002 0.2222409625 0.158239325 0.2095890265625 0.13331603281249998 0.194377821875 0.10682071875000002 0.1807336171875 0.08810174531250001 0.1610949078125 0.044987879687499996 0.1708214140625 0.129474928125 0.1575684640625 0.1422458 0.144476846875 0.1428978859375 0.137239825 0.148555859375 0.1622747296875 0.1552397875 0.18265925624999999 0.1534282796875 0.1756341859375 0.16180098437499998 0.1695012421875 0.1702517421875 0.1759136640625 0.18429373437500002
0 0.3502093890625 0.7952829765625 0.33848687499999996 0.778608021875 0.31759218749999996 0.76318971875 0.29665694375 0.7576517015625 0.2922984609375 0.765095059375 0.28334669218749997 0.7873741203125 0.2994586171875 0.805668571875 0.3046240328125 0.78429376875 0.3331485109375 0.825500896875 0.3587186609375 0.839269121875 0.3710896203125 0.8391159531250001 0.383981459375 0.828300925 0.38640806250000004 0.8099810921874999 0.3647113046875 0.7990226765624999 0.3502093890625 0.7952829765625