0 0.26088642968750003 0.35124083437500003 0.279037728125 0.3665596 0.2828365671875 0.3895883828125 0.30281565781249997 0.4157400703125 0.3239109515625 0.419724378125 0.32362681875 0.4039058 0.30361309375 0.3708672421875 0.31129188750000003 0.365236678125 0.3254664390625 0.3492765875 0.30232845625000004 0.3324147625 0.29992995625 0.303037178125 0.2761472859375 0.280041575 0.225815796875 0.25363477031250004 0.17336764843750002 0.22676138437499999 0.20799275781249998 0.20865185312499998 0.18671955625 0.196417484375 0.17854407187500002 0.1710923921875 0.09322666874999999 0.116011809375 0.095486896875 0.17430955312500002 0.1261556734375 0.210362659375 0.14408973125 0.23672923437499999 0.160121971875 0.26467385625 0.1794909609375 0.2915786671875 0.2202095859375 0.30521458749999997 0.232729459375 0.31285649375 0.24470857656249997 0.3350255484375 0.26088642968750003 0.35124083437500003
0 0.384822134375 0.015635540625 0.352639603125 0.017639946875 0.358014346875 0.05566248593749999 0.393484915625 0.1242858625 0.3930778921875 0.1925458203125 0.41083638593750005 0.1975699453125 0.44370773750000003 0.1562166296875 0.44385808281249994 0.118302378125 0.4415682578125 0.083400909375 0.426432590625 0.0574292625 0.40433444218750003 0.04390343125 0.384822134375 0.015635540625
0 0.4456285703125 0.04989916875 0.4603713296875 0.0655761859375 0.528888709375 0.1141887390625 0.535495475 0.0852427921875 0.5119253031250001 0.0773841890625 0.5119646890625 0.05808632500000001 0.47235988281249996 0.035375565625 0.4730439546875 0.0222114828125 0.43689048750000004 0.0074985734375 0.4456285703125 0.04989916875
0 0.1956805640625 0.4980718890625 0.2168821375 0.5096247468749999 0.223592734375 0.5013397671875001 0.215844646875 0.4931963265625 0.1932450765625 0.4748997828125 0.21193713125000002 0.4756914 0.241718821875 0.45740185625 0.24297518437500001 0.41742163281250005 0.2252198 0.431573503125 0.2127345703125 0.43081857343749996 0.1884756328125 0.46230888906249995 0.16221574218749998 0.448531421875 0.1610648875 0.4638117453125 0.1777788046875 0.49168469375 0.172394575 0.5060318328125 0.1761958109375 0.5159682328125 0.1863148421875 0.5073250109375 0.1956805640625 0.4980718890625
0 0.295894778125 0.65153566875 0.28075441562500003 0.6517488296875 0.280213609375 0.666276009375 0.2594741265625 0.6787917421875 0.2230235203125 0.67297598125 0.22233950156249999 0.6861400578125 0.1411400140625 0.733261915625 0.141819346875 0.7462827 0.1601532375 0.7436666265625 0.1810265546875 0.7848836640625 0.1932323953125 0.7436351734375 0.1811816484375 0.7207845984375 0.15796729062499998 0.729426090625 0.1888974359375 0.7089486593750001 0.20414172812500003 0.7293964265625 0.22258429531249999 0.7212564687499999 0.22549365312499997 0.7030350859375 0.2150904375 0.6958597375 0.2677952671875 0.6923874421875 0.2854080984375 0.70914090625 0.274242146875 0.75372540625 0.3038112828125 0.7202988375 0.3073952796875 0.7412830484375 0.33010821562500003 0.7278708453125 0.3147623953125 0.6736697625 0.354401796875 0.7032675296875001 0.36972240625 0.6982119609375 0.3681488953125 0.67012576875 0.32764756875 0.6454420578125 0.335973403125 0.6328529484375001 0.3523708890625 0.6249279375000001 0.3562485 0.60936099375 0.37165334375 0.591991628125 0.3452178921875 0.5568717078125001 0.3119262390625 0.5417661687499999 0.3024865390625 0.5634301625 0.2385159765625 0.5307884734375 0.21676877656250002 0.5413335203125 0.2277080015625 0.5601665359375 0.2615058265625 0.5538580093750001 0.27696736093749996 0.563257965625 0.2925698015625 0.587113321875 0.284315553125 0.6003840125 0.277172815625 0.6176721828125 0.278067046875 0.6327375859375 0.29474866718750004 0.6406311515625001 0.295894778125 0.65153566875
0 0.3147985265625 0.7854902734375 0.302888646875 0.7770952046875 0.2853594578125 0.7714831578125 0.182280378125 0.9082902453124999 0.189524696875 0.92475538125 0.22558484218750002 0.9071840734375 0.247114675 0.8890727796875 0.26326497031249996 0.8591237953125 0.2794129703125 0.8422672062500001 0.28820798124999997 0.8144693953125 0.31307221875 0.80841075 0.32412486406249996 0.7955350421875 0.3147985265625 0.7854902734375
0 0.3165034671875 0.8804015953125001 0.346569340625 0.8779306218749999 0.357836878125 0.8670994796875 0.35579653906250003 0.8411295875 0.3558358734375 0.8218317296875 0.293938540625 0.8689920296875 0.268716140625 0.8716430109375001 0.25909848593749996 0.8850569984375 0.25565071562499997 0.9047130984375 0.252526415625 0.92088994375 0.27229300156249997 0.9319045234375001 0.301963671875 0.9322313187500001 0.2988811546875 0.9160178640625001 0.29802391093749997 0.8947470078125 0.3165034671875 0.8804015953125001
0 0.40137041250000005 0.7894833859375 0.379625684375 0.8055500859375 0.3941166109375 0.8253879312500001 0.41890927031249997 0.8186477578125 0.41302836093749995 0.8020393234375 0.40137041250000005 0.7894833859375
0 0.439116709375 0.715822675 0.458640853125 0.6786285171875 0.4179592125 0.6587871171875 0.40565897656249994 0.6270049656250001 0.40939567343750005 0.5969825734375 0.39368220625 0.59174350625 0.3821954703125 0.6268616734375 0.3874123828125 0.7419288703125 0.439116709375 0.715822675
0 0.5281814859375 0.822223959375 0.5366876281249999 0.8047924875 0.555493096875 0.773875328125 0.5833706750000001 0.770256225 0.609346328125 0.768215125 0.617852465625 0.7507836015625 0.6221969140625 0.733100465625 0.5967249203125 0.72681985625 0.5768844140625 0.7282161781250001 0.5650461578125 0.720502578125 0.5423726156249999 0.7146169703125 0.5143841703125 0.7368523453125 0.5228138296875 0.74492415 0.5255358453125 0.7708223953125 0.49297858281250007 0.861066125 0.5254106546874999 0.867993303125 0.524765965625 0.861859496875 0.544749896875 0.8618262546875 0.5443569890625 0.851531625 0.531478959375 0.84048208125 0.5281814859375 0.822223959375
0 0.6838765140625 0.9264946421875001 0.697803821875 0.88851058125 0.683599471875 0.87139881875 0.6674239140625 0.842091159375 0.6741345625 0.8338061734375 0.7122349984375 0.8422047890625001 0.7119508140625 0.8263862156249999 0.7048867999999999 0.8050786921875 0.703276309375 0.7831980062499999 0.69086265625 0.78312460625 0.6871999390625 0.8007361171875 0.6926487671875 0.826347790625 0.6581440015625 0.7734712906250001 0.6438286359375 0.774975896875 0.6501716390625 0.815652925 0.623264665625 0.8088341140624999 0.6358860734375 0.850229384375 0.6472551453125 0.8731516078125001 0.6515208171875 0.8940641703125 0.6419031625 0.9074781625 0.6313220421875 0.8920527890625 0.6391693140625 0.9470419984375 0.6579306578125 0.9616075953125 0.6794557484375 0.9696811421874999 0.694670084375 0.957057075 0.6838765140625 0.9264946421875001
0 0.574885753125 0.669855996875 0.57395453125 0.6609960218750001 0.5747102390625 0.6485134875 0.6061694156249999 0.6789710046875 0.597591646875 0.6957209796875 0.613806484375 0.7057307875000001 0.6350080046875 0.717283653125 0.646055959375 0.730592778125 0.6586104234375 0.7451216656249999 0.674360878125 0.7441552765624999 0.682180596875 0.752980265625 0.68845665625 0.7667909125000001 0.7120615234375001 0.7815364859375 0.7470054625 0.7861325015625 0.7668483187499999 0.7716438 0.7594607390625 0.7538156203125 0.742564275 0.7438774296874999 0.7618340796874999 0.7239364953125 0.762231625 0.7080462984375 0.7459820921875 0.6911495171875 0.7488915515625 0.6729281015625 0.774039975 0.6826880265625 0.7989735015625 0.6904033359375 0.7855570000000001 0.6807884625 0.7891110421875001 0.6687008624999999 0.7862063796875 0.660737434375 0.773365384375 0.6434824046875 0.76680269375 0.6269456265625 0.743338846875 0.6266555203124999 0.738204103125 0.6499342359375 0.7353317890625 0.6619501828125001 0.7184722640625 0.6458065953125 0.70293670625 0.6488175765624999 0.6928916015625 0.645049921875 0.6729054765625 0.6581755265625 0.6741279125 0.64357675625 0.6688917390625 0.633102096875 0.6559766671875 0.6282579859374999 0.6429482281250001 0.65512261875 0.6245426984375 0.65705711875 0.6101926390625 0.6516747546875 0.608293165625 0.6401603421875001 0.605892371875 0.6238751828125 0.600947828125 0.6090407828125 0.5921224046875 0.5846678375 0.5733587171875001 0.5831946718750001 0.5627012734375 0.5932726109375001 0.5520067921875 0.609556009375 0.542532396875 0.6243330453125 0.5276762203125 0.640364778125 0.5258436890625 0.6557167484375 0.544607378125 0.6571899140624999 0.5617534328125 0.6760596421875 0.574885753125 0.669855996875
0 0.3322120859375 0.43406130468750004 0.343950921875 0.4549281703125 0.35503616875 0.4743568890625 0.37229325156250004 0.4951460640625 0.3654374828125 0.5159581609375 0.3750067640625 0.5305233125 0.39684220312499996 0.5422923796875 0.4021751296875 0.55479136875 0.421894975 0.55121185 0.41549077343749996 0.5333003140625 0.4069405546875 0.523650915625 0.4182633765625 0.530999740625 0.4235492515625 0.5143709484375 0.409010853125 0.500328109375 0.3950720390625 0.49677025625000004 0.377734065625 0.48955132968750004 0.390052446875 0.4872520734375 0.39327148125 0.47485877812500005 0.40221933906249996 0.45483137500000004 0.4043332234375 0.47972360312499995 0.41442982968750003 0.4706258046875 0.4266640328125 0.44231912500000004 0.43486406562499996 0.4212629859375 0.43756095000000006 0.4039017484375 0.425165103125 0.400684003125 0.40654699218749996 0.38606532968749996 0.3908041671875 0.37968336406250003 0.37730662187499997 0.3946637890625 0.3773553828125 0.4142479078125 0.3733513953125 0.428732809375 0.36409195156249996 0.43623575625 0.3322120859375 0.43406130468750004
0 0.48020418437499995 0.4702423828125 0.49375223437500004 0.46530240625 0.499716878125 0.4551320328125 0.499223428125 0.4360969328125 0.5056275953125 0.45400849218749995 0.5162716484375001 0.45489891718750003 0.5256068125 0.462456653125 0.528114878125 0.476759390625 0.538497853125 0.47516581562500004 0.5455607375 0.4658845734375 0.5466085484375001 0.45673326249999996 0.547054984375 0.4466405765625 0.5431353046875 0.4284678859375 0.5476092703125001 0.41845417031250004 0.5358939765625 0.4121511765625 0.5424347046875 0.397901953125 0.519270325 0.3591489875 0.5126790953125 0.363357790625 0.507996265625 0.3713842984375 0.4727677453125 0.3755892375 0.455141659375 0.37040978125 0.44881150468750003 0.37710255937500003 0.4545856625 0.40813982031249996 0.462640721875 0.408297778125 0.4729731140625 0.39666375781249996 0.4609898265625 0.4260513796875 0.446995378125 0.441084040625 0.4505242546875 0.450758903125 0.462266625 0.45253845156250005 0.46265731250000003 0.4610362921875 0.46283921250000004 0.46754691406250004 0.48020418437499995 0.4702423828125
0 0.5615612765625 0.3074173890625 0.5804187468750001 0.30041250625 0.576263278125 0.2847760390625 0.554087578125 0.27454959687499997 0.548678934375 0.24698993906250002 0.5304262609375 0.2358488984375 0.5193627703125 0.24052772031249997 0.5227045796875001 0.2723229203125 0.5369498125 0.3170362 0.5474859390625 0.336020334375 0.5611619265625001 0.3466378328125 0.5704483703125 0.334611465625 0.5539492359375 0.31625406875 0.5615612765625 0.3074173890625
0 0.7971158421875 0 0.8011317828125 0.006286715625 0.8411265171875 0.0162970671875 0.8635507875 0.0355701390625 0.8750322578124999 0.0683533203125 0.8911830765625 0.08086976875 0.9190808531249999 0.0816456 0.9244237671875 0.0736680953125 0.8934187781249999 0 0.7971158421875 0
0 0.813972790625 0.2225606875 0.8273589890625 0.220535728125 0.8347951546875001 0.20306820625 0.8371475390625 0.1842809984375 0.8406894484375 0.1709307390625 0.8390502546875 0.1612150546875 0.8101887156249999 0.1512705359375 0.8032086203125001 0.13779020625 0.7834826703125 0.144189484375 0.753783896875 0.13804096875 0.7110244 0.113489225 0.7012380031250001 0.138001765625 0.7151339515624999 0.16435118906249999 0.733728215625 0.18835280625 0.7538707062500001 0.1917977421875 0.761530675 0.18234065625 0.761273696875 0.179895684375 0.7803861671875 0.18530285 0.7916770109375 0.2045101109375 0.8009409906249999 0.22207639218750003 0.813972790625 0.2225606875
0 0.8623243140625 0.335604534375 0.8802140359375 0.3411402390625 0.8805658390625 0.364740046875 0.8910551640625 0.35606874843749997 0.9030569953124999 0.3585153109375 0.9093656765624999 0.34796424843749996 0.9170213953124999 0.36199158124999997 0.9347536140624999 0.3483858625 0.9244081328125 0.261717409375 0.8948357921874999 0.26853357031249997 0.9039069921875 0.2842661203125 0.8545711796875001 0.32653145 0.8623243140625 0.335604534375
0 1 0.4838847796875 0.9960685328125001 0.48478717656250003 0.9961348828125001 0.47365622968750004 0.9649543234375001 0.47693343906249996 0.9605108343750001 0.4934684265625 0.9412387546875 0.480662025 0.935095990625 0.46338570468749996 0.8871778078125001 0.49561404062500003 0.9013349453125 0.5009240671875 0.9008499999999999 0.5139530015625 0.8632610953125001 0.5444776984375 0.8133887640624999 0.5287075453125001 0.768467515625 0.5365189531250001 0.7641150921875 0.5833263203125 0.7511207171875001 0.55379214375 0.748675171875 0.55404918125 0.7410484203125 0.5579407796875 0.7470937703125 0.580171346875 0.77119260625 0.591852425 0.8093618171875001 0.55508675 0.8210092031249999 0.560042546875 0.829149909375 0.561040915625 0.8415724812500001 0.54984725625 0.8439827078125001 0.566897915625 0.8425961484375 0.5831116546875 0.8375659484375 0.6411141859375 0.8469605234375001 0.6481607796875 0.851277621875 0.6186610625 0.8662390046875 0.62574055 0.8618061296875 0.5835645625 0.8698140437499999 0.6068248359374999 0.9412133265625 0.621568415625 0.975645740625 0.60806145 0.9410601296875001 0.5789426609375 0.9310605859375001 0.5367337421875 0.9576423453125 0.5191078578125 0.9893679796875 0.52689735625 0.9637519859375001 0.54194968125 0.989295228125 0.5732549125 1 0.5534575640625 1 0.4838847796875
0 1 0.7752358890625 0.9747528609374999 0.764378584375 0.9397665265624999 0.7424601765625 0.9381850703125 0.7066836515625 0.9303594171875 0.704783225 0.9254813468749999 0.7101972015625 0.9255634453124999 0.7265261859375001 0.9001797390625 0.716815715625 0.951586221875 0.766813496875 0.930627528125 0.7902552093749999 0.9262353453125 0.7743792328125 0.9038065281250001 0.77346908125 0.9255758734375 0.8147480046875 0.9575872015625 0.823908996875 0.9711693921875 0.823570609375 0.9866198140625 0.8410072546875 1 0.837771984375 1 0.7752358890625