0 0.26622371093749997 0.3429865109375 0.28382933593750004 0.35892941562499997 0.28682216718750003 0.38207674687500004 0.30587640625 0.4089097640625 0.3268198 0.41362786093750004 0.3270879 0.397809003125 0.3082393953125 0.3640921015625 0.31611001562499996 0.358732953125 0.33083293125 0.3432772703125 0.3082975125 0.3256182140625 0.3069257359375 0.29617481875 0.2839600890625 0.27236322031250004 0.2345808453125 0.2442159578125 0.1831025140625 0.21552852812499998 0.21833854375 0.19863842812500002 0.19750527499999998 0.1856690875 0.19021860468750001 0.1600741046875 0.1068754578125 0.1020495390625 0.1070997484375 0.16039065 0.13649160625 0.19749212031250002 0.153494559375 0.22446852343749998 0.1685417796875 0.2529556375 0.18696000625 0.28052002656249997 0.2271779390625 0.2955687 0.2394234875 0.3036428890625 0.25062161875 0.326216503125 0.26622371093749997 0.3429865109375
0 0.40179637343749997 0.011910953125 0.36956349374999997 0.0127909828125 0.373607996875 0.0509779375 0.40666203593750005 0.12079741562499999 0.4038730234375 0.1890015859375 0.421445359375 0.1946424125 0.45573989531250003 0.15446148125 0.4572133375 0.1165755734375 0.4561429515625 0.081615453125 0.44192290156249997 0.0551314 0.420310259375 0.0408425921875 0.40179637343749997 0.011910953125
0 0.461369984375 0.048275821875 0.4755566421875 0.0644578046875 0.5423357296875 0.115431965625 0.5499486703125 0.086734225 0.5266671171875 0.078057821875 0.527379965625 0.05877308906249999 0.4885918796875 0.0346939765625 0.48973495468749995 0.0215617859375 0.454116984375 0.0055961015625 0.461369984375 0.048275821875
0 0.1959332375 0.4874524671875 0.21671870625 0.49973821406249996 0.22371435625 0.4916924765625 0.2162551921875 0.48328359218749994 0.1943079296875 0.46420948125 0.2129609703125 0.465652959375 0.24336281249999997 0.448413921875 0.2460137 0.4085019 0.2277752390625 0.4220254953125 0.2153239625 0.420835296875 0.1899808046875 0.45145980625000004 0.16421773906249998 0.436774275 0.162534309375 0.452005125 0.1782652921875 0.4804444015625 0.17238363437499998 0.49459489375 0.17583578125 0.504657903125 0.1862502921875 0.4963730953125 0.1959332375 0.4874524671875
0 0.2907305953125 0.6443201890625 0.275592015625 0.644004828125 0.2745445484375 0.658504284375 0.25338090625 0.6702885953125 0.217155471875 0.66320426875 0.21601244999999997 0.6763364546874999 0.1332178984375 0.7205957859375001 0.1334423984375 0.733632346875 0.1518564203125 0.7316577109375 0.17127856875 0.7735781078125 0.184916525 0.7327807234375 0.1736705921875 0.709523503125 0.1501687921875 0.7173495609375 0.18179474843750001 0.6979640500000001 0.1963161359375 0.7189313796875 0.21503155000000002 0.7114400171875 0.218575053125 0.6933312703125 0.208428590625 0.6857972250000001 0.2612224953125 0.6841664171875 0.278239909375 0.701524353125 0.26552478281249997 0.7456920078125 0.29624247812500004 0.7133177500000001 0.2990919515625 0.73441425625 0.32225913125 0.72180289375 0.30881425 0.66709926875 0.34739655625 0.6980624015625 0.36288427031250003 0.69354459375 0.36229191250000004 0.665420596875 0.32267670625 0.6393384453125 0.33143682343749997 0.6270475734375001 0.3481009 0.619699653125 0.352519425 0.60427751875 0.3685210671875 0.5874563546875 0.34332738749999997 0.551435246875 0.310583190625 0.5351770453125 0.300393178125 0.5564984015625 0.23760076406250003 0.52164405625 0.21549879375 0.5314237125 0.2257740921875 0.55062703125 0.25977149375 0.545501875 0.2748955546875 0.5554357046875 0.2896559515625 0.5798210453125 0.280943590625 0.5927955828125 0.27320185625 0.60982394375 0.27356976718750003 0.624911378125 0.28996574375 0.6333823140625 0.2907305953125 0.6443201890625
0 0.3049478796875 0.7788529234375 0.2933382390625 0.77004731875 0.27601558593750003 0.76382693125 0.1682248015625 0.896953271875 0.17489008125 0.9136612 0.21154148906249998 0.8973590765624999 0.23369028281249998 0.880010196875 0.25087594375 0.8506430921874999 0.26760239375 0.8343603296875 0.27736217500000004 0.8068863937499999 0.302422709375 0.8016991890625 0.313917978125 0.7892170562499999 0.3049478796875 0.7788529234375
0 0.30333942343750003 0.873765928125 0.3334732171875 0.8723457437500001 0.34511189375 0.86191443125 0.34397913281250003 0.835889153125 0.3446919296875 0.8166044234375001 0.28118643125 0.8615758093749999 0.2558868796875 0.8633449265625 0.245806940625 0.876415090625 0.2416752828125 0.895938890625 0.23798832343749998 0.9119968453125 0.2573584625 0.9236945593750001 0.2869996546875 0.925056646875 0.28448485625000003 0.9087454906250001 0.284370478125 0.887457675 0.30333942343750003 0.873765928125
0 0.39132767031250004 0.78586491875 0.36903546875000004 0.8011629499999999 0.38282523749999997 0.8214944359375 0.40783802187499996 0.8156236203124999 0.40254032031250003 0.7988200625 0.39132767031250004 0.78586491875
0 0.4316216953125 0.71356640625 0.4524320015625 0.6770762890625 0.4124675984375 0.65582720625 0.40128403749999997 0.62363514375 0.4060662234375 0.5937614484375 0.39054517031249997 0.58797718125 0.377839825 0.622673075 0.3790377734375 0.73785224375 0.4316216953125 0.71356640625
0 0.5169188640625 0.8230111890625 0.526028175 0.8058871953125 0.54590118125 0.775645171875 0.57388808125 0.7730011875 0.5999191453125 0.77186786875 0.6090284515625 0.7547438234375 0.6139873859375 0.7372230765625 0.5887501 0.730057334375 0.5688729484375 0.73076038125 0.5573111046875 0.7226383328125 0.5348567796875 0.7159650140625 0.50610938125 0.7372100609375 0.5142522015625001 0.745571140625 0.5160687234375 0.77154860625 0.480381834375 0.8606011296875 0.51255239375 0.8686559515625 0.5121221640625 0.86250338125 0.5320950812499999 0.8631675890625001 0.532061690625 0.8528655171875 0.5195771296875 0.8413732671874999 0.5169188640625 0.8230111890625
0 0.668880053125 0.93265203125 0.6841245 0.8951771656249999 0.670525996875 0.8775801015625 0.6553831156250001 0.8477257765624999 0.6623788171875 0.8396800375 0.7001629359375 0.8494032218750001 0.700430984375 0.8335843671875001 0.6941148953125 0.8120432937500001 0.6932690109374999 0.79011973125 0.68086548125 0.7896131453125 0.6765903640625 0.8070861 0.6811420375 0.832872334375 0.6485036546875 0.7788238453125 0.6341445 0.7798279359375 0.6390640296875 0.820701553125 0.6124114203125 0.8129478562499999 0.623580465625 0.8547583890625001 0.6341426375 0.878063425 0.6376758734375 0.8991121171875 0.6275959359375001 0.9121822859375 0.6175595984375 0.8963970343750001 0.6234829953125 0.9516266109375 0.6417245781250001 0.966838096875 0.66295479375 0.9756579406249999 0.6786004343750001 0.9635725359375 0.668880053125 0.93265203125
0 0.5689122453125 0.672366 0.5682908 0.6634789234375 0.56948168125 0.6510303656249999 0.5998587421875 0.682567240625 0.5907016328125 0.6990076515625 0.6065572546875 0.7095772499999999 0.6273426718749999 0.7218630015625 0.6379194140625 0.7355495875 0.6499591796875 0.7505077671875 0.665733765625 0.7500916515625 0.673240734375 0.7591841687499999 0.679030984375 0.7732054328125 0.702106859375 0.788765821875 0.7368691125 0.7945785640625 0.75720553125 0.7807911937500001 0.7504446453125 0.7627160515625 0.7339053125 0.7521942375 0.7538593062500001 0.7329379578124999 0.75481116875 0.7170713140625 0.7391612249999999 0.6996177265625 0.7427048296875001 0.6815089484375 0.7674973171875 0.6921405953125 0.7921463937500001 0.700721371875 0.7790736203125 0.6906441265625001 0.7830473484375 0.6786879234375001 0.7804223734375 0.6706279765625001 0.76819139375 0.6529353125 0.7622098265624999 0.636179575 0.7387703984375 0.63507076875 0.7328263671874999 0.658156103125 0.7295364515625 0.6700644890625 0.7132506000000001 0.6533423468749999 0.6976194234374999 0.655809309375 0.6877119265625 0.65169338125 0.6672799015625 0.664113484375 0.6690110828125 0.6495662703125 0.664143659375 0.6389152515625 0.6514055109375 0.6336233625000001 0.637447446875 0.66001694375 0.618985615625 0.6613079203125001 0.6048321390625 0.655428025 0.603335671875 0.6438543375 0.601504684375 0.6274953125 0.5970808640625 0.6124973859375 0.589111421875 0.5878312859375 0.5704105765625 0.5857041749999999 0.5594079109375001 0.595404034375 0.5481516609375 0.6113042828124999 0.5381673265625 0.6257416640625 0.5227607 0.6412451578125 0.5203935109375 0.656523821875 0.5390943546875 0.6586509328125 0.5555714203125001 0.67810755625 0.5689122453125 0.672366
0 0.33461552499999997 0.42824575937500003 0.34561896718749996 0.44950959218750003 0.356019409375 0.4693133453125 0.372540446875 0.49069211875 0.3649625234375 0.511252275 0.37401765781249996 0.5261425171874999 0.3954290609375 0.5386664609375 0.40032253124999995 0.5513439531250001 0.4201552875 0.5484548265625 0.41438009062500003 0.5303306984375 0.4061718390625 0.5203887796875 0.4172312921875 0.5281282890625 0.42309428593750004 0.5116941015625 0.40905483125000003 0.49715243437499995 0.395248675 0.49311029062499995 0.3781732 0.485290675 0.3905643203125 0.48342272499999994 0.3942139140625 0.471149321875 0.40385526718750003 0.4514463953125 0.40509913593749997 0.4763972328125 0.41550710156250004 0.46765734375 0.428721740625 0.43979487500000003 0.43765162812499997 0.41903773906249997 0.4409527671875 0.401781196875 0.42867676875000005 0.398132803125 0.4105801828125 0.3828732734375 0.3950696765625 0.375945778125 0.38105754375 0.39044602031250003 0.38042279843750004 0.41001991093749995 0.37591573437500003 0.4243562515625 0.36640008281249997 0.431531478125 0.33461552499999997 0.42824575937500003
0 0.48125476875000006 0.46956964687499997 0.49496696875 0.46510550000000006 0.5012829203125 0.45514948437499997 0.5014540859375 0.436108759375 0.5072292484375 0.45423290937500005 0.5178357421875 0.4554942640625 0.5269014578125 0.46337318906249997 0.5289088375000001 0.4777547421875 0.5393411015625 0.4765245 0.5467235953125 0.46749540156249997 0.54809014375 0.458386234375 0.5488885359375 0.44831527656250003 0.5456054625 0.43001686250000004 0.5504261765625 0.42016538593749997 0.538937990625 0.41345737343750005 0.545972025 0.3994450984375 0.524174215625 0.3599073140625 0.517440115625 0.3638835234375 0.5124800171875 0.3717417140625 0.4771262078125 0.3747146328125 0.45969161875 0.368923190625 0.453131746875 0.3753909734375 0.45781920156250006 0.40661084062499997 0.46586384062499997 0.407049821875 0.4765959609375 0.39578348281250003 0.46359436093750006 0.4247349921875 0.4490838046875 0.43927009687499996 0.452272884375 0.44906222187499995 0.46394599531249997 0.4512504875 0.464039875 0.4597567859375 0.463994446875 0.466269790625 0.48125476875000006 0.46956964687499997
0 0.5682448109375 0.3096831625 0.5873352609375 0.3033406640625 0.583728028125 0.2875686984375 0.5619227359375001 0.276574565625 0.5574792046875 0.2488429359375 0.5396264656249999 0.23707167343750002 0.5284064265625 0.24136153437500002 0.5306365640624999 0.27325399375 0.543312646875 0.31843718593750003 0.5531798203125 0.3377774609375 0.5664769296875 0.348865778125 0.57617743125 0.337170828125 0.5603290125 0.31824880312500003 0.5682448109375 0.3096831625
0 0.8080795921874999 0 0.8181786859375 0.0170968203125 0.8577996999999999 0.0284968703125 0.8795376906250001 0.048540796875 0.8898680499999999 0.08170470468749999 0.9055722125000001 0.094777184375 0.93342591875 0.09652616093750001 0.9390439890625 0.08873998125 0.9095964359375 0.011320375 0.9098564265625001 0 0.8080795921874999 0
0 0.8234640203125 0.2336871875 0.8369127328125 0.23213063437499998 0.8449539765624999 0.21493327187500003 0.8479605921875001 0.19623960625 0.8519662609375 0.1830210890625 0.8506671390625 0.1732541171875 0.822170240625 0.162308403125 0.8156648531249999 0.1485926828125 0.7957275874999999 0.1542996375 0.7662614875 0.14711839531249998 0.72438488125 0.12108932187500002 0.7137489703125001 0.145245390625 0.726716871875 0.1720637234375 0.7444621640625 0.1966996515625 0.764472159375 0.2008454515625 0.7724575078125 0.1916614546875 0.772286015625 0.1892090046875 0.7911981359375 0.1952798921875 0.801811778125 0.214869496875 0.8104570609374999 0.232748384375 0.8234640203125 0.2336871875
0 0.8678409140625 0.348349615625 0.8855265453125 0.354506290625 0.8850545140625 0.378104 0.8958400718749999 0.36980405625 0.9077492093749999 0.3726679859375 0.9144222734375 0.3623435203125 0.9215837828125 0.3766294890625 0.93978003125 0.3636509046875 0.9324655375 0.2766741953125 0.9026733312499999 0.28245414375 0.911189946875 0.29849369062500003 0.86040915 0.339011478125 0.8678409140625 0.348349615625
0 1 0.5013941234375 0.9962972609375 0.5021089859375001 0.9967520359375 0.4909871359375 0.965476096875 0.4931741625 0.9604582531249999 0.5095440015625 0.94164485 0.496072815625 0.9361087625 0.47859264062499995 0.88709501875 0.5091290234375 0.9010582125000001 0.5149298921875001 0.9001188593749999 0.5279339656250001 0.8614875578125 0.5571282328125 0.812195978125 0.5396271671874999 0.7670294796875 0.5458660875 0.7610461546875 0.59249304375 0.7490904234375 0.5625233625 0.7466373953125001 0.5626948953124999 0.7388794765625 0.566317953125 0.7441453078125 0.5887459578125 0.7678218 0.60126095625 0.8072508624999999 0.5658497640625 0.8187181984375 0.57120903125 0.826819103125 0.572490896875 0.8396247609374999 0.5617375984375 0.8414384593750001 0.5788619859375 0.83948689375 0.5950174578125 0.8324354984375001 0.6528091046875 0.8415784281249999 0.6601792703125 0.846922421875 0.6308481890625 0.86162761875 0.6384455078125 0.8586693656250001 0.596140509375 0.8658606296875 0.619666084375 0.936701875 0.6368924812500001 0.9715847 0.62459541875 0.9380363890625001 0.5942873468750001 0.9295160062500001 0.5517551625 0.95669670625 0.53506770625 0.988131165625 0.5439596671875 0.9620054578125 0.5581088375000001 0.986440603125 0.59028644375 1 0.567175809375 1 0.5013941234375
0 1 0.797196078125 0.965236975 0.78078616875 0.9310368953125 0.75766010625 0.930704984375 0.7218501828125 0.922950421875 0.719677803125 0.917886378125 0.724918240625 0.9173985531250001 0.7412401421875 0.8923692000000001 0.730649709375 0.9419994718750001 0.7824110921874999 0.9202354406250001 0.805107078125 0.916399996875 0.7890874875 0.8940166078124999 0.7873951359375 0.9143320765625 0.8294086515625001 0.946004190625 0.83968124375 0.9595899171875001 0.8398170734375 0.9744223968749999 0.857782309375 0.9904834749999999 0.8544874953124999 0.9992318421874999 0.8631055218749999 1 0.8616820796875 1 0.8209402750000001 0.998911446875 0.8196938171875001 1 0.8128190828124999 1 0.797196078125