0 0.16328125 0.49296875 0.203125 0.215625
0 0.01953125 0.73203125 0.0375 0.103125
0 0.0921875 0.63671875 0.1375 0.053125
0 0.3984375 0.1265625 0.0703125 0.090625
0 0.525 0.66875 0.15 0.225
0 0.28203125 0.92421875 0.315625 0.1453125
0 0.61484375 0.8859375 0.15625 0.228125
0 0.8946007265624999 0.8983422828125001 0.885610075 0.8932059578124999 0.8736225609374999 0.8966301640625 0.8594944234374999 0.8966301640625 0.8535006984375 0.9098990328125 0.8594944234374999 0.9218838359375001 0.8830412984375 0.9295883578125 0.9018788390625 0.926592140625 0.8988819765624999 0.9535579328124999 0.9074444765624999 0.9556980734374999 0.9138663515625 0.92616411875 0.9190038390625 0.9124672281249999 0.9344163 0.921455815625 0.93869755 0.918031575 0.920288228125 0.8756567734375 0.9121538125 0.8816491750000001 0.8783319625000001 0.868808328125 0.8783319625000001 0.8636720015625 0.8556413234375 0.8551114375 0.8342350734374999 0.8619598828124999 0.831666296875 0.85853564375 0.8226757109375 0.8623879046875 0.7892819453125 0.8499750781250001 0.7875694734375001 0.8538273406249999 0.8179663093749999 0.868808328125 0.8119725843750001 0.881221153125 0.8191775359375001 0.9369523859375001 0.8303819734375001 0.9193156734375 0.8320944484374999 0.9030505874999999 0.8423694218750001 0.9017665218750001 0.8642038234375 0.8777969140625 0.8701975484375 0.8777969140625 0.8937444234375 0.882933271875 0.9083007140625 0.888925675 0.9078725625 0.8983422828125001 0.8946007265624999 0.8983422828125001
0 0.7265636859375 0.8625401015625 0.7160725765625 0.8790810125 0.72591943125 0.8983422828125001 0.7618820046875 0.8987703046875 0.74946630625 0.8675242624999999 0.7265636859375 0.8625401015625
0 0.7593131953125 0.51638868125 0.7807194453124999 0.5108242859375001 0.8025538484375 0.5082561046875 0.8218194734375001 0.48428652968749997 0.8346632234375001 0.45389653281250003 0.8299538234374999 0.43934356562500004 0.7909944203125 0.43720342343749996 0.7648788 0.45389653281250003 0.7644506828125001 0.4175141390625 0.7730131828125 0.42136637656250003 0.7918507234375001 0.4256466578125 0.7995569203125 0.4119497609375 0.8072631843750001 0.415374 0.812828821875 0.3734272171875 0.8453663499999999 0.3550219984375 0.8445100468750001 0.3314804453125 0.810260046875 0.366150734375 0.7974162953125 0.35930228125 0.826528809375 0.3214541171875 0.8406569484374999 0.318029909375 0.8487912968750001 0.323166228125 0.8582101 0.3069011578125 0.8590663359375 0.2949163703125 0.8637756734375 0.2837876515625 0.8552131734374999 0.2718028484375 0.8368038484375001 0.26752256406249997 0.8320944484374999 0.27693918125 0.8440819625 0.2974845421875 0.8269569609375 0.3120375 0.8329506859375 0.30133679375 0.790566334375 0.3548403234375 0.7730131828125 0.32359426562500004 0.76916005 0.3283025703125 0.7520350515625001 0.3967870875 0.769588203125 0.389082584375 0.772156946875 0.3937908875 0.73491005 0.4169044515625 0.7289163249999999 0.4074877953125 0.6916694296875 0.4301732875 0.68653194375 0.4515747 0.657847546875 0.46741174843750005 0.6518538234375 0.44857851562500006 0.657419428125 0.42289682187500005 0.6569913109375001 0.4447262875 0.665981928125 0.4404460046875 0.6766850546875001 0.412196115625 0.6754006984375 0.3762417359375 0.6920975484375 0.34144460625 0.70793819375 0.32774770000000003 0.7139319515625 0.296501640625 0.72720381875 0.266539671875 0.7203538265625 0.2322974125 0.69680695 0.215604296875 0.6831069296875001 0.2147482375 0.68439131875 0.184358234375 0.6912413109375 0.176653725 0.707510075 0.1517366171875 0.7105069375 0.11492619687500001 0.7366225562500001 0.08967253124999999 0.7439007015625 0.0609946515625 0.7379069453125 0.047725759374999996 0.7306288000000001 0.0464416765625 0.7182132015625 0.062278725 0.7083663125 0.08539225 0.6771131734375 0.1585850796875 0.6779694421875 0.17870240937499998 0.6664100484375 0.187262975 0.659560053125 0.194111453125 0.6745444296875001 0.221077196875 0.6758288171875 0.2515281875 0.6668381984375 0.27078945781249997 0.644575678125 0.29347495156250003 0.642863171875 0.3067438203125 0.648000690625 0.32343692812499997 0.6488569296875 0.334137634375 0.642435053125 0.3405580578125 0.6278787953125 0.33499369375 0.621456921875 0.32472104218750003 0.5619475703125001 0.39320554375 0.5833538218750001 0.3996564734375 0.5953413015625 0.4035087 0.616319434375 0.41549348906250005 0.5927725578125 0.432186596875 0.5906319328125 0.44502744375000003 0.5859225640625 0.45572815 0.5923444390625 0.46899701875 0.5966256890625 0.471993203125 0.6073288156250001 0.457868290625 0.615891315625 0.43603885625 0.619316296875 0.4210578671875 0.630447571875 0.41420939062500006 0.623169428125 0.448879703125 0.6154631968750001 0.4784136265625 0.613750690625 0.48911433125 0.624025696875 0.504951396875 0.638581921875 0.508375603125 0.652281940625 0.5143680046875 0.657419428125 0.504523375 0.6484288109375 0.497674896875 0.641578815625 0.48911433125 0.6390100734375 0.47627348437499994 0.6313038093750001 0.4668568765625 0.628306946875 0.45144786718749996 0.6351569421875001 0.43518277968749997 0.643719440625 0.4433153234375 0.6779694421875 0.523020034375 0.6591319359375001 0.5564062328125 0.6582756984375 0.5919325734374999 0.6608444421875 0.620182465625 0.6668381984375 0.6347353984375 0.6874838515625 0.6398385859375 0.70023193125 0.6319562890625 0.69937569375 0.612266965625 0.6972350671875 0.59043753125 0.69937569375 0.5763126187500001 0.707510075 0.5583354125 0.71650069375 0.5386461203125 0.72806005625 0.5365059796875 0.7460413265625 0.5074000625 0.7537475578125 0.5039758234375 0.7593131953125 0.51638868125
0 0.5836151296875001 0.042193103125 0.5853276359375 0.0614543734375 0.5938901375000001 0.07943154687500001 0.6024526359375 0.078147465625 0.5981713859375 0.0456173265625 0.5921776953125 0.017795490625 0.586611990625 0.02293183125 0.5836151296875001 0.042193103125
0 0.5309557390624999 0.078147465625 0.542943253125 0.07129901875 0.5515057546875 0.056746053124999994 0.5596401359375001 0.04433324375 0.572921053125 0.014025912500000001 0.541658865625 0 0.534380753125 0.010090984375 0.543799490625 0.022075771875 0.550649515625 0.0391969015625 0.543799490625 0.0464733859375 0.524105746875 0.031492396875 0.5318120093750001 0.047329428125 0.5352369890625 0.0648785953125 0.5309557390624999 0.078147465625
0 0.5172557515625 0.44771877812499994 0.5193963765625 0.4340218546875 0.5172557515625 0.4203249640625 0.517683871875 0.4049159390625 0.530099503125 0.4091962203125 0.531383890625 0.37923424375 0.5360932593750001 0.354836646875 0.5330963640624999 0.3116057859375 0.529671384375 0.29705283437499996 0.5116901140625 0.3026171984375 0.5005588703125 0.30475734062500004 0.442333875 0.432309784375 0.4076557546875 0.4682641140625 0.4521807640625 0.48495722187499996 0.4645963625 0.45884750625 0.46502451406249995 0.4374460953125 0.4757276390625 0.42760144687499996 0.4919963703125 0.4374460953125 0.4962776203125 0.45199906093750003 0.5052682390625 0.45970354843749994 0.5172557515625 0.44771877812499994
0 0.120974828125 0 0.112467434375 0.013638843749999999 0.11768862499999999 0.0253069765625 0.17918326406250001 0.034231015625 0.1935115140625 0.006924003125 0.20694423125 0.005581034375 0.2091830171875 0 0.120974828125 0
0 0.149631296875 0.2137410765625 0.1621685109375 0.21329341093749998 0.1818698 0.21239809531249998 0.1997800890625 0.22806605468750002 0.202914409375 0.21866532031250002 0.1935115140625 0.1837481234375 0.1787355140625 0.160022359375 0.16127297499999999 0.1349536125 0.1460492234375 0.117495040625 0.122727625 0.0762568625 0.13978065 0.1595746921875 0.1276911859375 0.1734520375 0.1147062203125 0.17524265156250002 0.1079898625 0.1815098421875 0.13351204375 0.1859864015625 0.1536611171875 0.1824051578125 0.14739250937499998 0.19135827656249998 0.1420194359375 0.2003113984375 0.149631296875 0.2137410765625
0 0.3765149953125 0.807214446875 0.3633837703125 0.79162463125 0.3412248 0.778086090625 0.3198865515625 0.7743937734374999 0.316193384375 0.782188675 0.309217428125 0.8051631546875001 0.326862509375 0.82198374375 0.33014533125 0.8002400828124999 0.362152703125 0.8388043328125001 0.38882553125 0.8502915812499999 0.401136065625 0.84906079375 0.41303625625 0.8371633234375 0.413856946875 0.8187017109375001 0.3912876625 0.8096759921875 0.3765149953125 0.807214446875