0 0.29704040468750004 0.30477707187499997 0.311610103125 0.32353495312499997 0.310537975 0.346850325 0.324643234375 0.37658442187499996 0.3444491609375 0.384867621875 0.3474601046875 0.3693356421875 0.33475282812499996 0.33285796875 0.3434344828125 0.32894695625 0.36061757656250004 0.3162826875 0.3414909828125 0.2949786765625 0.3452528390625 0.26574438749999996 0.3267709328125 0.2383065984375 0.2830295921875 0.202012340625 0.2373148515625 0.16482161875 0.27494850312499997 0.1543067890625 0.25668383906250003 0.1379168234375 0.2539523921875 0.1114453671875 0.18195127656250001 0.039829940625 0.17204133125 0.09732366718749999 0.1945440578125 0.1389653234375 0.20660429374999997 0.1684844265625 0.21647617812500003 0.19915168125 0.22982808437500002 0.229495596875 0.2668218421875 0.2512994171875 0.27747928437499997 0.2613773578125 0.2845874234375 0.28555256406249996 0.29704040468750004 0.30477707187499997
0 0.455978221875 0 0.4535000375 0.035851850000000005 0.47392788750000003 0.1103503875 0.459337715625 0.17703407499999999 0.47566356875000004 0.185640609375 0.516414440625 0.1520253015625 0.524444315625 0.11497082656249999 0.529460953125 0.0803559578125 0.5200558453124999 0.0518049703125 0.5012527734375001 0.033980246874999995 0.48804408125 0.0022732421875 0.47271651875 0 0.455978221875 0
0 0.540397940625 0.0484304953125 0.5515591015625 0.06683012499999999 0.60847209375 0.128625940625 0.6209526859375 0.10168615624999999 0.599531475 0.08909876875 0.6035822515625 0.07023079843749999 0.5695647375 0.039782021875000004 0.5729708265625 0.027047831249999998 0.5406663859374999 0.00513970625 0.540397940625 0.0484304953125
0 0.20273154999999998 0.43484245312500003 0.22106784375 0.450550909375 0.2293543421875 0.44384218906250006 0.22346868749999999 0.43426578281249995 0.2051670375 0.4116703484375 0.2232860390625 0.41633096406250003 0.2562195375 0.40463305156249996 0.26576080156250004 0.3657877046875 0.245451075 0.3759387703125 0.2333956375 0.37260451250000004 0.203119609375 0.398362971875 0.1802980578125 0.3794268375 0.17599539375 0.3941339734375 0.186548959375 0.42487285 0.17829945 0.437787025 0.1799517265625 0.44829661249999997 0.1916466609375 0.4419461296875 0.20273154999999998 0.43484245312500003
0 0.26884892968749996 0.6057883890625 0.2539951015625 0.6028490328125 0.25044574375 0.6169463203125 0.22755730000000002 0.6248765734374999 0.1931123921875 0.6116093921875 0.1897063546875 0.6243435875000001 0.1004840859375 0.653553396875 0.0984414 0.6664308859375 0.116918565625 0.6676838109375 0.1287662453125 0.7123399640625 0.149281403125 0.6745305890625 0.1422448953125 0.6496738625 0.117741159375 0.65329998125 0.1522529046875 0.6397007703125 0.16291274218750001 0.6628711703125 0.1826446875 0.658743515625 0.1892789078125 0.6415252046875 0.180594865625 0.632343703125 0.2328699 0.6399052375000001 0.2466146078125 0.6599545109375 0.2264230203125 0.7012432000000001 0.2622957734375 0.6746948515625 0.2614385890625 0.6959656609375 0.2864437453125 0.68756883125 0.28270230625 0.6313615984375 0.3153217703125 0.668554078125 0.3313587 0.6667943203125 0.335659021875 0.6389947265625 0.301174778125 0.6064297140625 0.311936096875 0.595846746875 0.3296229609375 0.59150414375 0.3366523859375 0.5770835765625 0.3553318921875 0.5632966203125 0.336775959375 0.523447915625 0.3073524265625 0.50175074375 0.293614809375 0.520978703125 0.237828746875 0.4757500859375 0.21436433593749998 0.48154320000000006 0.22114890781250002 0.5022390624999999 0.25551978750000004 0.50309535625 0.2686890875 0.515504534375 0.278990771875 0.542082525 0.268157765625 0.5533470625 0.2575767015625 0.5687723874999999 0.25531911875 0.5836944953125001 0.269995040625 0.594883871875 0.26884892968749996 0.6057883890625
0 0.2594888578125 0.740746075 0.24958467031249998 0.7300582546875 0.23360534687499998 0.720924321875 0.104335 0.8333105 0.1079977171875 0.8509220109375001 0.14692314374999998 0.8412320046874999 0.171748046875 0.827992790625 0.1937721640625 0.8020560984375 0.2130719734375 0.7889252250000001 0.22745428125 0.763563446875 0.2530348390625 0.7628067640625 0.2665229671875 0.7525103953125 0.2594888578125 0.740746075
0 0.2414233671875 0.8339378328124999 0.2713459734375 0.837771903125 0.2846192109375 0.8295201000000001 0.28802289999999997 0.803693503125 0.2920736265625 0.7848255265625 0.22172372031249998 0.8180860828125001 0.196501321875 0.8154351015625 0.184304909375 0.8265563390624999 0.17684575 0.8450660734375001 0.17042636875 0.8602398375 0.1874709453125 0.875123425 0.21642529531250002 0.881611959375 0.21678110625000002 0.8651119171874999 0.22036505625 0.8441276484375001 0.2414233671875 0.8339378328124999
0 0.343338725 0.7626512359375 0.3187287171875 0.7738458546875 0.3287784625 0.7962630296875 0.35443070312499997 0.7948248296875 0.35213139375 0.7773566187500001 0.343338725 0.7626512359375
0 0.3955750984375 0.6984480843750001 0.4224056921875 0.6661260062500001 0.386738303125 0.6382599984375 0.3813147375 0.604615 0.391211784375 0.576025571875 0.3769309578125 0.567633978125 0.35839375625000003 0.599596503125 0.3395728515625 0.7132338625 0.3955750984375 0.6984480843750001
0 0.46057152500000004 0.8210418531249999 0.47251599375 0.8057598265625 0.49733855781249997 0.779428159375 0.525359396875 0.7816842171875 0.5511917890625 0.7850883609375 0.5631362640625001 0.769806284375 0.57106230625 0.753412828125 0.5474527484375 0.7419735390625 0.52775549375 0.7392142749999999 0.5177796796874999 0.729207925 0.49682529531249997 0.7187368359375 0.4648254703125 0.734667190625 0.4713926984375 0.7443152328125 0.46867068281249996 0.7702134765624999 0.4180621484375 0.8517161296875001 0.4483452609375 0.8652349390625 0.44898994999999997 0.8591011328124999 0.4685440953125 0.8632235093749999 0.470300146875 0.8530721515625 0.4600008625 0.8395865734375001 0.46057152500000004 0.8210418531249999
0 0.5911851484375 0.9554047875 0.612705440625 0.9211464203125 0.6023692265625 0.901455340625 0.59264055 0.8694250359375 0.6009270984375 0.8627163203125001 0.636448778125 0.8788529296875 0.63945966875 0.8633209468749999 0.6369801046875 0.8410103531249999 0.6399540578125 0.819272971875 0.627826934375 0.8166202312499999 0.6205826171875 0.8330853671874999 0.620587409375 0.8592702390625 0.5978302984375 0.8003752734375 0.5835149328125 0.79887066875 0.58126209375 0.839977590625 0.5563608140625 0.8277135124999999 0.560099853125 0.8708283343750001 0.566454684375 0.895613415625 0.5662791765625 0.9169558734375001 0.5540827640625 0.9280771124999999 0.54693998125 0.9107888828125 0.5431828734375 0.966207984375 0.558505878125 0.9843559921875 0.577882009375 0.99672843125 0.5953885671875 0.9875434671875001 0.5911851484375 0.9554047875
0 0.537934271875 0.6817138593750001 0.5388654921875 0.672853884375 0.54219995 0.6608012421875 0.56663919375 0.697133921875 0.5547663546875 0.7117344515624999 0.5685457031250001 0.7248967734375 0.58688194375 0.7406052265625 0.5949213515625 0.7559205140625 0.6041807453125 0.7727421296875 0.6197879375 0.7750715640625 0.625601959375 0.7853295171875 0.6288694765625 0.8001432328125 0.6488927437500001 0.8194743078125001 0.6821175078125 0.8312351437500001 0.704539121875 0.8211886171874999 0.701019665625 0.8022140609375 0.6865586953125 0.7889800703125001 0.7095533609375 0.7734813125 0.7132459765625 0.7580210078125 0.7008645734375001 0.7381149953125 0.7074989 0.7208966703125 0.7300685671875 0.7356719703125 0.7528531328125 0.7484026515625 0.741728859375 0.7362084390625 0.747718390625 0.7251239093749999 0.746532890625 0.7167305875000001 0.7375600265625 0.697182828125 0.734578934375 0.679642959375 0.711688146875 0.674480784375 0.7018256921875 0.69618323125 0.6965178875 0.7073394125 0.683383225 0.688043309375 0.6675611375 0.68775846875 0.65851888125 0.6819846515625 0.6362405359375 0.6906680828125 0.6404715140625 0.6766424890625 0.6375275671875 0.6653080640625 0.6259018671875001 0.6578846140625 0.6075726609375 0.6814534250000001 0.58916713125 0.6795189265625 0.5762497093750001 0.671270634375 0.5767857265624999 0.6596129171875 0.5778232703125 0.643184475 0.576071021875 0.6276462140625 0.5725058765625 0.6019709671875 0.5544585078125001 0.596628803125 0.541938634375 0.6042707093749999 0.52809234375 0.61797476875 0.51575266875 0.6304590515624999 0.49788794999999997 0.64305168125 0.49290361093749996 0.65768716875 0.510950978125 0.6630293328125 0.5237991140625 0.6850515781250001 0.537934271875 0.6817138593750001
0 0.3495880796875 0.4006171546875 0.3567319296875 0.4234686703125 0.3635354796875 0.44477757812499996 0.376093140625 0.4687004078125 0.365060109375 0.487632315625 0.3713920125 0.50386875 0.39030336875 0.519920478125 0.39292107187499997 0.5332551125 0.412954215625 0.5338537999999999 0.41041397812499997 0.515002165625 0.40405682499999995 0.5037859390625 0.413604309375 0.513328321875 0.422231996875 0.4981619046875 0.4109309671875 0.4814032328125 0.39803646875 0.475025084375 0.38257827031249997 0.46435914062499994 0.3951055078125 0.46467126406250003 0.40083090937500004 0.4532180671875 0.41374716562499997 0.43548867500000005 0.410639471875 0.46027645 0.42240698125 0.45347666249999996 0.440259128125 0.42833218593750005 0.4526577890625 0.40944105625000005 0.45890534218749995 0.3930199171875 0.44744938124999994 0.3872952453125 0.4322775140625 0.369125103125 0.41820559375000005 0.35960948125000003 0.401888396875 0.37145625 0.3978643234375 0.39062254687500003 0.390936253125 0.40395844218750004 0.3803192 0.4093722859375 0.3495880796875 0.4006171546875
0 0.4868237265625 0.46677687656250005 0.5011027984374999 0.4647616484375 0.509051640625 0.456053640625 0.51252659375 0.437331909375 0.5150667921875 0.45618356093749995 0.5252931171874999 0.45926755 0.53285294375 0.46860102187499997 0.5323324953124999 0.48311266406250003 0.5428199 0.48371265625 0.551658121875 0.47610268749999995 0.5545857015625 0.46736920625 0.5571207671875 0.4575898890625 0.5570650578125 0.43899936874999995 0.563523225 0.43013466562499997 0.5533744046875 0.4215336625 0.5627347828125 0.40895571249999996 0.54813379375 0.3662334453125 0.5408115390625 0.3689798828125 0.5345622359375 0.375857378125 0.49922928750000006 0.37264600625 0.4830652421875 0.363915065625 0.47548191093750003 0.3691454765625 0.4746768796875 0.4007050125 0.482523075 0.40253426093750005 0.495048528125 0.393302696875 0.477217075 0.4195566640625 0.4604029734375 0.431351215625 0.46184321875 0.44154835468750003 0.4729590015625 0.445730390625 0.47157435156250005 0.4541237609375 0.47039864062500003 0.46052992968749995 0.4868237265625 0.46677687656250005
0 0.600256190625 0.324425090625 0.6201579765624999 0.32149397031250004 0.6193443203125 0.3053352265625 0.599779409375 0.29072166875 0.6002189328124999 0.2626397359375 0.584681475 0.247947209375 0.5728869671875 0.2502235578125 0.5695451578124999 0.282018759375 0.5741826828125001 0.3287166953125 0.5805415468749999 0.34947656562499996 0.591711178125 0.36270544375 0.6032951140625 0.352872640625 0.5909732437499999 0.3314860359375 0.600256190625 0.324425090625
0 1 0.050121275 0.8750220984375 0.0378014203125 0.8846447296875001 0.046228790625 0.8972000937500001 0.0796843546875 0.9342395781249999 0.097791328125 0.952166728125 0.12130550468750001 0.95658129375 0.1557594265625 0.9697768625000001 0.17136030468750002 0.9969037015625 0.17791945625 1 0.174909709375 1 0.15141414375 0.988232071875 0.089870190625 0.9934400906249999 0.06384363125 1 0.05780694374999999 1 0.050121275
0 0.8647946093750001 0.29390201562499996 0.8783092984374999 0.2947044546875 0.88921466875 0.2791647046875 0.8954217281249999 0.26127713125 0.9016619125 0.2489550109375 0.9020785437500001 0.23911082968750003 0.87591528125 0.223382971875 0.8718904359374999 0.2087459765625 0.851265059375 0.210904159375 0.823493625 0.19871528125 0.7867731203125 0.16580985312500002 0.7721041343749999 0.1877520296875 0.7802180703125 0.216414784375 0.7934157875000001 0.24375787343750002 0.8124018749999999 0.2513153890625 0.8218606921875 0.24365755937500003 0.8221176703124999 0.24121258750000002 0.8396882734375 0.2504753 0.846738971875 0.2716103359375 0.8521482765625 0.290718840625 0.8647946093750001 0.29390201562499996
0 0.888586396875 0.41452843125000005 0.9049342484375 0.4236626484375 0.9003716875000001 0.4468198890625 0.9124346609374999 0.44051893125 0.9236655546874999 0.44540735312499996 0.9320300640625 0.4363985046875 0.9366020421875 0.45171101875 0.95677555625 0.4420893546875 0.9646755328125 0.35516386875 0.9343322593750001 0.3556826453125 0.93993425 0.372957409375 0.8828890890625001 0.404041646875 0.888586396875 0.41452843125000005
0 0.9332006390625001 0.5546473578125 0.8796289375 0.5762086765625 0.8923726890625 0.5843461 0.8891894734375001 0.596989496875 0.8460755359375 0.6190319828125 0.8005718343750001 0.5932374046875 0.7550081390625001 0.5915384609375 0.741019028125 0.6364180562499999 0.7344491125 0.604827590625 0.732003565625 0.6045705531250001 0.72373436875 0.6067914203125 0.7250256171875 0.62979309375 0.7461692046875 0.6462293421874999 0.7911483390625 0.6182029109375 0.801510834375 0.6254720390624999 0.8092660734375 0.6281411390625 0.8237444765624999 0.6197748859375001 0.8225570015624999 0.6369540609375 0.8178297156250001 0.6525252109374999 0.800850034375 0.708214409375 0.8085742453125 0.717060259375 0.8189303406249999 0.6891027578125 0.8320928734375 0.6991381875 0.8365257484375 0.6569622015625 0.8395225875 0.68137911875 0.9062962625000001 0.7106452625 0.9427845015624999 0.7045923593750001 0.91500880625 0.66891913125 0.9140035031249999 0.6255535562500001 0.9436690140625 0.6138395 0.973081840625 0.6280549078125001 0.9448960640624999 0.637452440625 0.9633724000000001 0.6733843140625 0.9875117640625 0.645021525 0.9934865125 0.588175590625 0.98839116875 0.5882580609375 0.9907703234374999 0.577384146875 0.9595897640625 0.5741069375000001 0.9518055593750001 0.58935674375 0.9356172203125 0.5728233015625 0.9332006390625001 0.5546473578125
0 0.9285947765625 0.9442798328125 0.9405296312500001 0.9291966234375 0.9568906343749999 0.93636210625 0.9358176125 0.9014720140625 0.9428743984375 0.8809748031250001 0.9094109734375 0.8573079484375 0.8797462671874999 0.8285944421875 0.885637728125 0.793270915625 0.8783782046875 0.7897849734375 0.872481103125 0.7940664359375 0.8691664203125 0.8100556609374999 0.8463563296875 0.79527981875 0.8862443343749999 0.8548730359375 0.8608698328125 0.873444934375 0.8598744296874999 0.8570026984375 0.8381249671875001 0.851449225 0.8508362296875 0.8963522046874999 0.8802433562499999 0.9119685375 0.8935990984375 0.914461440625 0.9050866078125 0.9347293765625 0.9214758218749999 0.9342735953125001 0.9285947765625 0.9442798328125