0 0.6429229109375 0.5037034328125001 0.6510580187499999 0.5058530359375 0.65930208125 0.5024794406249999 0.6698047 0.48544754062499995 0.6781302296875 0.489147996875 0.6833677953125 0.4869306703125 0.685517396875 0.47879556250000005 0.6816137703125 0.44700306875000007 0.697122303125 0.445098859375 0.69759835625 0.44897599218749995 0.7013802796874999 0.44772451406249997 0.697667071875 0.41748287343749996 0.7025375406250001 0.4058652171875 0.7231471984375 0.41986412656249994 0.7270243328125 0.41938807499999997 0.7280991343750001 0.4153205203125 0.7427370296875 0.4127360953125 0.7443693515625001 0.419619725 0.753089465625 0.4201232640625 0.7545313640625 0.42545604062500003 0.7663257 0.43817598437500005 0.7746649718749999 0.43557781718750005 0.770353015625 0.4132808640625 0.7941605859374999 0.382808565625 0.7993844078125 0.3868898625 0.8040369671875001 0.38631859999999996 0.8085265937500001 0.3715992375 0.8084588703125 0.35822656249999996 0.8025685749999999 0.348717278125 0.8003649906250001 0.3371810875 0.7788169703125 0.3091292875 0.7773888140625 0.2974978875 0.781279690625 0.29072321093750003 0.8005024234375 0.27419485 0.8057674765625 0.259380275 0.8154534390625001 0.2613394578125 0.824717328125 0.279092803125 0.8420211171875 0.29822032656249997 0.854903996875 0.30057409218750003 0.8606313578125 0.295935275 0.8581696296875 0.2694755578125 0.8451100734375 0.2592723140625 0.81602569375 0.2211262234375 0.816719653125 0.21395696250000001 0.8259295625 0.21203901093750002 0.82933064375 0.207685825 0.8273587125 0.17880461718750001 0.804410021875 0.12652416875 0.7981251406250001 0.1202118015625 0.785623103125 0.12095974062499999 0.7790251046875001 0.1249183421875 0.76988291875 0.14020896875 0.7501438968749999 0.12689027343749998 0.743940484375 0.1276519578125 0.7400496078125001 0.1344266328125 0.7276427796875 0.13595 0.7198747703125 0.143200728125 0.719262278125 0.157444040625 0.704515428125 0.1655516625 0.70120955625 0.1706802734375 0.6474155140625 0.3543866890625 0.64891139375 0.37939076250000003 0.644816353125 0.39091320937499996 0.6455780375 0.3971166234375 0.6487749546875 0.3975112078125 0.65862385 0.41361849062499995 0.657412609375 0.435806490625 0.6455495578125 0.45457966406250006 0.649494415625 0.4674762875 0.6453041640625 0.47822330625 0.645262934375 0.497119178125 0.6423516484375 0.4990508734375 0.6429229109375 0.5037034328125001
0 0.5814921546875 0.2617633703125 0.5668687171875 0.19076123125 0.52767830625 0.16015812499999998 0.519391434375 0.39727618124999997 0.5489562234375 0.397581090625 0.5347641671875001 0.45834879375000004 0.5397266609375 0.5147971109375 0.6123603640625 0.54522890625 0.5779037312499999 0.45698693281249997 0.595568959375 0.36037769218750004 0.562469628125 0.3152541625 0.56812004375 0.2811128 0.5934976875 0.3114443953125 0.5993507703125001 0.294985690625 0.5814921546875 0.2617633703125
0 0.5876074953125 0.7764987125 0.64782105625 0.834033071875 0.6846761546875 0.7173600703125 0.618062878125 0.7038966015625 0.5876074953125 0.7764987125
0 0.6323684 0.916598109375 0.6088333140625 0.821112621875 0.549007253125 0.850251528125 0.54918315625 0.9445195156249999 0.583578415625 0.9521013343750001 0.6250167171875 0.9529158656250001 0.6323684 0.916598109375
0 0.2192477640625 0.4538042375 0.21771384375 0.4894076625 0.2570102265625 0.47277764375000003 0.24832729375 0.562381484375 0.3066016 0.6201539515625 0.3482686171875 0.7350556671875 0.38161521875000004 0.6699685750000001 0.22957058749999998 0.28136385 0.1868144296875 0.3043854265625 0.2192477640625 0.4538042375
0 0.389117471875 0.45852441875 0.41147187343749997 0.43216958906249997 0.3197927375 0.313639046875 0.3128432484375 0.430507128125 0.389117471875 0.45852441875
0 0.5095631453125 0.349295328125 0.4091012390625 0.30063785468750004 0.3938656078125 0.339964309375 0.49999889687500004 0.3996572859375 0.5095631453125 0.349295328125
0 0.43912988124999996 0.46821645468749995 0.3800645265625 0.49701856875 0.3838631125 0.6401799984375 0.47657727968749997 0.5776410109375 0.474135996875 0.4775980265625 0.43912988124999996 0.46821645468749995
0 0.3471250421875 0.1646197375 0.3227086421875 0.0298923703125 0.2481394484375 0.0666239234375 0.2561214125 0.11283342968750001 0.294668496875 0.10613293906250001 0.3001683421875 0.2471179765625 0.3471250421875 0.1646197375
0 0.4218746234375 0.11609155156249999 0.44300374531250003 0.095789678125 0.445586325 0.132855165625 0.4210193515625 0.1732541984375 0.44401708281249996 0.184202965625 0.4833841109375 0.13608420000000002 0.46678609687500006 0.08106454375 0.4254184421875 0.0487612671875 0.416249984375 0.0735316421875 0.4218746234375 0.11609155156249999
0 0 0.26007298749999996 0.0178219203125 0.25620819687499996 0.0073057046875 0.29881702187500003 0.0467694296875 0.3156140375 0.059224896875 0.2727671 0.027968121875 0.16248968125000002 0 0.1810390125 0 0.26007298749999996
0 0.12711555000000002 0.47298666718750004 0.0333173984375 0.47860112031249996 0.053520604687499994 0.54695064375 0.156944378125 0.571634390625 0.1360271984375 0.4974700171875 0.1631414265625 0.50988084375 0.1755615703125 0.48277828125 0.1173932328125 0.3777726921875 0.06073887812499999 0.35135023906249996 0.12711555000000002 0.47298666718750004