0 0.7086020453125 0.5069466953124999 0.58068728125 0.4982728984375 0.5944433250000001 0.505241146875 0.5315310796875 0.6915981890625 0.5510740125 0.747002240625 0.51876779375 0.84518409375 0.612228278125 0.8092845828125 0.6683107734375 0.9110737312499999 0.7113682 0.8826139625 0.7974411234375001 0.8531038640625 0.7357734781249999 0.6714433468750001 0.66791276875 0.625290828125 0.7086020453125 0.5069466953124999
0 0.40633035624999997 0.6377096265625 0.3656725875 0.6444679109375 0.34935686875 0.8082318328125 0.3982825234375 0.802711440625 0.40633035624999997 0.6377096265625
0 0 0.517460378125 0.0054408859375 0.595268671875 0.053089868750000005 0.599767159375 0.0884662015625 0.7695628890624999 0.120374175 0.7497131984375 0.1507053328125 0.7673018609375 0.257510184375 0.918266021875 0.2369509078125 0.7082820265625001 0.18997451875 0.5686615671874999 0.2352534484375 0.5439616703125 0.105410715625 0.3396619109375 0.0456710375 0.353627353125 0.054797990625 0.48414885781250006 0 0.4677571140625 0 0.517460378125
0 0.292247575 0.6867968375 0.35629403437499996 0.67840305625 0.31678050625 0.5383624828125 0.2565149296875 0.5679238234375 0.292247575 0.6867968375
0 0.24392868124999997 0.3085094578125 0.24507218281249998 0.4042849234375 0.3053671734375 0.482288215625 0.2543249359375 0.45257810468750004 0.24825767031249998 0.5058577796875 0.3298980078125 0.553004340625 0.318832421875 0.5067955343749999 0.34719859375 0.43629570624999997 0.33028583125 0.390495775 0.29840936875 0.2987596203125 0.24392868124999997 0.3085094578125
0 0.68449054375 0.162136159375 0.7169642578125 0.31843160625 0.7530323703125 0.2180290890625 0.7538392859374999 0.145541175 0.7881573421875 0.1881664015625 0.8029639749999999 0.06380173125000001 0.6236840015625 0.027428115625 0.6466934625 0.20980416562499998 0.68449054375 0.162136159375
0 0.1686244796875 0.0435858234375 0.2608219546875 0.2093804234375 0.3032925578125 0.20053776562499998 0.320509275 0.1386480140625 0.286317015625 0.013794464062500001 0.1686244796875 0.0435858234375
0 0.370199703125 0.2330537109375 0.33462412656249996 0.284481590625 0.2892928390625 0.25241452343750004 0.3488647796875 0.3480868453125 0.40302972812500004 0.3384264390625 0.4076824046875 0.208898978125 0.422950065625 0.1471455171875 0.40173051718749997 0.09577392343749999 0.3640738484375 0.178718640625 0.370199703125 0.2330537109375
0 0.427864521875 0.30145288125 0.455832446875 0.30928521249999996 0.484156684375 0.266194825 0.490873553125 0.3342414078125 0.519836975 0.32830087343750003 0.5434457562499999 0.27379457500000004 0.5539560296875 0.228034646875 0.516012303125 0.1895781671875 0.4808939578125 0.225370825 0.427864521875 0.30145288125
0 0 0.22034045781249997 0.036177350000000004 0.1898521640625 0 0.120382934375 0 0.22034045781249997
0 0.7226017640625 0.4550699390625 0.6804036078125 0.467808759375 0.653577825 0.53232805 0.6960064921875 0.5508948359375 0.7423228546875 0.4850126296875 0.7331959015625 0.35449112656250004 0.6913852921875 0.351620228125 0.677270475 0.4230028703125 0.7226017640625 0.4550699390625
0 1 0.567088159375 0.915170659375 0.6040856546875 0.9043879421875 0.6459494203125 0.991288628125 0.7123042203125001 0.9992734375 0.7704741 1 0.7893082796875001 1 0.567088159375
0 1 0.8328341531250001 0.9308363249999999 0.8281150984375 0.92519326875 0.9714885390625 1 0.9662575421874999 1 0.8328341531250001