0 0.1735587328125 0.20096870625 0.1865821390625 0.23043606875 0.2030327046875 0.259218103125 0.24210292656250001 0.27703557968750003 0.25375541875 0.28594430625 0.263351615625 0.309244075 0.2777458859375 0.32706157812500003 0.294196503125 0.344193753125 0.2955673671875 0.36749346875 0.31270341562500004 0.39559027812499997 0.3332666734375 0.40175781875 0.3346375890625 0.385996196875 0.3181869703125 0.3510466234375 0.326412253125 0.34624955625 0.3421774390625 0.331858540625 0.32092874843749997 0.312670509375 0.32161418125 0.283203146875 0.300365490625 0.25784755000000004 0.25306998593749996 0.22632433125 0.20371818749999998 0.19411583593749998 0.240046578125 0.1797248203125 0.220168753125 0.1653338171875 0.2146852484375 0.13929288906249998 0.1355927109375 0.0755959453125 0.131746784375 0.1338105859375 0.158478978125 0.17287195 0.1735587328125 0.20096870625
0 0.44293738281249995 0.189906553125 0.47995125937500005 0.15221576718750002 0.48406390000000005 0.11452492968750001 0.485434815625 0.079575303125 0.4730968390625 0.0521638234375 0.45253358125 0.0364022015625 0.4360829640625 0.006249575 0.4038672140625 0.004879009375 0.4052380765625 0.043255071875 0.4333412375 0.11521020625 0.4258013359375 0.1830536828125 0.44293738281249995 0.189906553125
0 0.5786549609375 0.0912251625 0.55603535625 0.08094585625 0.558091703125 0.061757825 0.5210777765625 0.0350316484375 0.523134121875 0.022011184375 0.488716625 0.0035998078125 0.4929747703125 0.04668150625 0.5059980734375 0.06381368125 0.5690587125000001 0.1193219453125 0.5786549609375 0.0912251625
0 0.169446090625 0.413505303125 0.1667043125 0.428581621875 0.18041315156249998 0.458048959375 0.1735587328125 0.47175469843749995 0.176300509375 0.482034003125 0.18726757031250002 0.47449585625 0.1975492 0.46627240781249996 0.21742702656250001 0.479978146875 0.224966878125 0.4724400015625 0.2181124578125 0.46353127499999996 0.1975492 0.44297266406249997 0.21605611093750002 0.44571379687499996 0.24758643125000002 0.430637478125 0.2530149828125 0.39100759687500003 0.233877590625 0.4032259984375 0.22153966875000003 0.4011701421875 0.1941219890625 0.42995220156249997 0.169446090625 0.413505303125
0 0.2715768984375 0.5395981734374999 0.28460030468749997 0.564953746875 0.2750041078125 0.5772889343750001 0.26609339374999996 0.5937357796875 0.2654079625 0.608812125 0.28117309687500003 0.618406153125 0.28117309687500003 0.6293707359375 0.26609339374999996 0.6280001296875 0.264037046875 0.6423911984374999 0.24210292656250001 0.652670503125 0.2064599125 0.643076475 0.2044036203125 0.6560969375 0.11872337656250001 0.694473 0.1180379453125 0.7074934640625 0.13654485624999999 0.7068081359375 0.1529954734375 0.7499812375 0.169446090625 0.71023456875 0.15984989375 0.686249525 0.13585942499999998 0.6924171171875 0.16876060625 0.67528494375 0.1817840140625 0.6972141578125 0.200976409375 0.691046565625 0.20577448281250002 0.6732291125 0.196178284375 0.6650056390625 0.24895734531249997 0.6670615203125 0.264722478125 0.6855642484375 0.24895734531249997 0.7287373500000001 0.2818585265625 0.6985847125 0.2832294421875 0.7198285984374999 0.3072199109375 0.7088640171875 0.29762371249999997 0.6533557796875 0.33395215624999997 0.686934853125 0.3497172890625 0.68350841875 0.3510882046875 0.655411609375 0.3133888984375 0.6266295765625001 0.32298504375000003 0.61497971875 0.34012109218750003 0.608812125 0.3456046484375 0.5937357796875 0.362740696875 0.578071809375 0.34012109218750003 0.5403810234375 0.3085907734375 0.5218783078125 0.29693828125 0.5424369062500001 0.23673014218750002 0.5032872875 0.2139998171875 0.511501365625 0.22291052968749997 0.5313746734375 0.257182628125 0.528633540625 0.2715768984375 0.5395981734374999
0 0.207830828125 0.860507684375 0.22702317187499998 0.832410928125 0.24484470468750003 0.8173346078125 0.256497196875 0.7906084046874999 0.2818585265625 0.7871819703125 0.294196503125 0.7755321125 0.2859712203125 0.764567503125 0.2750041078125 0.7549735015625 0.2581575640625 0.7475598984375 0.141342928125 0.8728428453125 0.1468264859375 0.8899750203125001 0.1845257921875 0.8762692812499999 0.207830828125 0.860507684375
0 0.2146852484375 0.8769545828125 0.2098871234375 0.89271623125 0.22839408749999998 0.9057366421875 0.257868059375 0.9091630765625001 0.256497196875 0.89271623125 0.257868059375 0.8714722921875 0.2777458859375 0.8591371046875 0.3079053421875 0.8598224078125 0.32024331875 0.850228378125 0.32092874843749997 0.824187478125 0.32298504375000003 0.804999446875 0.256497196875 0.8454313656249999 0.231135865625 0.8454313656249999 0.220168753125 0.8577665515625 0.2146852484375 0.8769545828125
0 0.38193309375 0.7912937078125 0.3716514625 0.7775879671875 0.3483464265625 0.7912937078125 0.3606843515625 0.8125375937499999 0.3860457328125 0.8084258828124999 0.38193309375 0.7912937078125
0 0.4018108671875 0.6493416671875 0.392900153125 0.616447896875 0.3997545734375 0.5869805609375 0.38467481875 0.580127690625 0.369580159375 0.6138527859375 0.362740696875 0.7288349484375 0.41689062187500003 0.7082763390625 0.4401956578125 0.6733267640625 0.4018108671875 0.6493416671875
0 0.455275359375 0.8583542296875001 0.486805678125 0.868633534375 0.486805678125 0.862465940625 0.506683609375 0.8645217703125001 0.5073689359375 0.8542424656250001 0.49571644531250003 0.8419073312500001 0.4943455296875 0.82340455 0.504627159375 0.806957703125 0.5265613328125001 0.77817561875 0.55466449375 0.7774903421875 0.580711203125 0.77817561875 0.5909928328125 0.7617287203124999 0.5971618734375 0.7445965718750001 0.5724859203125 0.7356878203125 0.552608146875 0.7350025953125 0.5416410328125 0.7260938171875 0.5197069125 0.7178704203125 0.48954756093749996 0.7370583984375 0.4970873078125 0.7459671250000001 0.4970873078125 0.772008025 0.455275359375 0.8583542296875001
0 0.5985327359375 0.9200788734374999 0.5896219703125001 0.9036319734375 0.5916783171875 0.959140209375 0.6088143640625 0.975587109375 0.6293776234374999 0.9858664140625001 0.6458281875 0.9749018328125001 0.6382883890625 0.9433785890624999 0.6561098171874999 0.907058409375 0.6437719468750001 0.888555628125 0.6307484859375 0.8577177125000001 0.6382883890625 0.8501795671875 0.6753022125 0.862514753125 0.676673075 0.8467531312500001 0.6718750015625 0.8248239421875001 0.6725604875 0.802894778125 0.6602225109375001 0.8015242 0.6547389546875 0.818656375 0.657480784375 0.844697303125 0.6286921390625 0.7885037359375 0.6142979203125 0.7885037359375 0.6163542671875 0.82962095625 0.590307453125 0.8200269546875001 0.5985327359375 0.862514753125 0.6074435015625 0.8864997984375 0.6094998484375 0.907743684375 0.5985327359375 0.9200788734374999
0 0.540270171875 0.6143920406250001 0.5293030578125 0.6280977812499999 0.5128524921875 0.6424887984375001 0.5094252828125 0.6575651171875 0.52793219375 0.6609915515625 0.5430118968750001 0.6815501609375 0.556720734375 0.6767532 0.556720734375 0.667844421875 0.5587770812499999 0.6555092609375001 0.58688024375 0.689088309375 0.576598615625 0.7048499046875001 0.5916783171875 0.7164997890625 0.6115560906249999 0.7302055296875001 0.621152340625 0.7445965718750001 0.6321193484375 0.7603581671875 0.6478845343749999 0.76104344375 0.6547389546875 0.770637471875 0.6595370265625 0.7850284890625 0.6814712515625 0.8021606640625001 0.71574335 0.8103841390625 0.7369919875 0.7980489515625 0.7315084296875 0.7795462234375 0.71574335 0.7678963140625 0.7369919875 0.7500788625 0.7390483328124999 0.7343172671875 0.7246540109375 0.7158145109375 0.7294521890625 0.6979970343749999 0.7534426562500001 0.7103322203125 0.7774331250000001 0.7206115265624999 0.7650951484374999 0.7096469187500001 0.7698932203125 0.6979970343749999 0.7678368734375 0.6897736109375 0.7568698656249999 0.6712708562499999 0.7520716890625 0.65413868125 0.7287667046874999 0.6513975234375 0.7212268015625 0.6740119890625 0.7171142125000001 0.6856618734375 0.7020345109374999 0.667844421875 0.686269325 0.669215 0.676673075 0.6644179859375 0.6554244375 0.67538256875 0.6581661640625 0.6609915515625 0.654053575 0.65002694375 0.6417156 0.6438593765625 0.6259504140625001 0.669215 0.6074435015625 0.669215 0.5937346625 0.66236213125 0.5930491796874999 0.6507122468750001 0.5923638 0.6342653484375 0.588996959375 0.6189953671875 0.58276755 0.59383343125 0.5642606390625 0.590406996875 0.552608146875 0.599315721875 0.540270171875 0.6143920406250001
0 0.418968353125 0.3769209765625 0.4039788671875 0.36892839843749997 0.38898938125 0.38241588125 0.38699077656249997 0.4018978140625 0.3814946390625 0.415884834375 0.3715016484375 0.4223788046875 0.340023715625 0.4168839109375 0.3495170640625 0.43886350781249994 0.35851073125 0.45934451875000004 0.37350021718750004 0.4818236640625 0.36450654843749997 0.5018051265625 0.372500934375 0.5172907515625 0.3929865546875 0.5312777718749999 0.3969837671875 0.5442657328125 0.416969746875 0.5427671078125 0.41247289374999996 0.524284271875 0.40497815 0.5137939921875 0.4154707828125 0.5222861171875001 0.42246588437500004 0.50630094375 0.40947500468750003 0.49081535625 0.3959844453125 0.48581999062500003 0.379496034375 0.4768282984375 0.39198727187500004 0.47582925937500004 0.396484125 0.4638403359375 0.4074763984375 0.4448579515625 0.40697675625 0.46983477812499996 0.41796903125 0.4618422015625 0.43309506875 0.4349694109375 0.44345114687500004 0.41488575625 0.44794799999999996 0.3979015265625 0.43595640468749997 0.3934056890625 0.418968353125 0.3769209765625
0 0.4689332640625 0.4223788046875 0.4534441375 0.435866296875 0.455942384375 0.445857028125 0.467434415625 0.4488542390625 0.466934696875 0.45734636562500003 0.4664350546875 0.4638403359375 0.48342314531249997 0.468336171875 0.497413346875 0.4648394140625 0.5044084093750001 0.4553482296875 0.505907371875 0.4363658265625 0.5104041890625 0.4548486828125 0.5208968578125 0.45684683593750003 0.5293908843749999 0.4653389609375 0.5303901671875 0.479825509375 0.5408828375 0.47932598125 0.548877184375 0.4708338546875 0.550875828125 0.4618422015625 0.552374790625 0.45185147031249995 0.5503761468749999 0.4333686140625 0.555872321875 0.4238774109375 0.5448800484375 0.4163843640625 0.5528743953124999 0.4028968921875 0.5338877 0.36193488125 0.5268926375 0.3654316578125 0.5213964625 0.37292470624999996 0.48592139218749997 0.37342422656249996 0.4689332640625 0.3664307171875 0.4619382015625 0.37242515 0.46443645 0.4038959484375 0.472430871875 0.40489502499999996 0.4839227484375 0.394404765625 0.4689332640625 0.4223788046875
0 0.5463789375 0.275943434375 0.555872321875 0.3219008015625 0.5643663484375 0.3418822640625 0.5768575859375 0.3538711296875 0.5873502562499999 0.34288134062500003 0.5728603765625 0.3228998796875 0.5813544015625001 0.3149072828125 0.600840778125 0.309911915625 0.5983425296875 0.2939267421875 0.577357265625 0.2814383296875 0.57485901875 0.25346428906249996 0.5578708906250001 0.24047635625 0.5463789375 0.24397309687500002 0.5463789375 0.275943434375
0 0.9666625484375 0.12036795 0.942687246875 0.0410827765625 0.94514621875 0.0146544078125 0.95781595 0.00027255156250000003 0.8246547812499999 0.0011329093749999999 0.8351055984375 0.008508275 0.8510892421875 0.040468171875 0.8898185140624999 0.054604273437499996 0.9101053578125 0.07611573906249999 0.91809715625 0.109919471875 0.9328511734375 0.1240555734375 0.9605150265625 0.1277432671875 0.9666625484375 0.12036795
0 0.784695884375 0.220022821875 0.793302425 0.21141822656249998 0.793302425 0.2089597875 0.8117449921875 0.21633512968750002 0.820966278125 0.23661738593749998 0.8283433328124999 0.2550557859375 0.8412531203125001 0.25689962187500004 0.854777653125 0.25628499531250004 0.8639989359375001 0.239690453125 0.8683022312500001 0.2212520546875 0.8732202203125 0.208345159375 0.8726055718750001 0.19851135625 0.844941625 0.1856044625 0.8394088453125 0.1714683609375 0.8191220484375 0.175770659375 0.7902286640625 0.166551459375 0.7502697640625 0.137664628125 0.73797471875 0.1610199296875 0.7490402796875 0.1886775296875 0.7650238296875 0.21449129375 0.784695884375 0.220022821875
0 0.9291627171875 0.40633821093750006 0.94821998125 0.3946605484375 0.9469904937500001 0.30738547656250004 0.9168676703124999 0.311073146875 0.9242446781250001 0.3276677109375 0.8707612031249999 0.364544509375 0.87752346875 0.3743783140625 0.89473655 0.381753678125 0.892619575 0.405260978125 0.9039578359375 0.39773361406249996 0.9156381843749999 0.40142130781249996 0.9230151921875 0.39158748125 0.9291627171875 0.40633821093750006
0 1 0.53610916875 0.9949411906250001 0.5367237953124999 0.9961706781249999 0.5256607609375 0.9648183671874999 0.5256607609375 0.95867084375 0.5416406968749999 0.940842971875 0.52688996875 0.9365397249999999 0.509066196875 0.885515265625 0.53610916875 0.8990397984375 0.5428699296875 0.897195615625 0.5557768000000001 0.8566219281249999 0.5822051687500001 0.8086712328125 0.561308328125 0.763179553125 0.5643813953125 0.7539582703125001 0.6104773953125 0.7441222421875 0.579746728125 0.741663225 0.579746728125 0.7336714718749999 0.5828197953124999 0.7373599765625001 0.6055604921875 0.7601057921875001 0.61969659375 0.8019089671874999 0.58712209375 0.8129745265625001 0.5932682265625 0.820966278125 0.5951120609375 0.8344908546875001 0.585278234375 0.8351055984375 0.602487425 0.8320318375 0.618467409375 0.820966278125 0.675626396875 0.82957281875 0.6836163890625 0.836949828125 0.654729534375 0.8510892421875 0.6633341296874999 0.8510892421875 0.6209258265625001 0.8566219281249999 0.64489573125 0.9260889546875 0.6670218015625 0.9617446062499999 0.6571879968750001 0.9303922015625 0.6246135421875 0.92485946875 0.5815906109375 0.9531380171875 0.566839834375 0.9838756312499999 0.5779028921875 0.95682656875 0.590195159375 0.97895759375 0.6239988921874999 1 0.5932682265625 1 0.53610916875
0 0.8730091312500001 0.814180265625 0.8903443984375 0.8575085734375 0.92122278125 0.8699654765625 0.9347659390624999 0.87104866875 0.9483090953125 0.890004803125 0.9645608843750001 0.8878383796874999 0.972686778125 0.89704566875 0.982979628125 0.8807975546875 1 0.88621359375 0.9753954109375 0.8537173625 0.980270996875 0.832594803125 0.944517028125 0.8125554781250001 0.9120134500000001 0.7871000734375 0.9141803218750001 0.7513542281250001 0.9065961874999999 0.748646209375 0.901178925 0.75352063125 0.8995537296875 0.7697687453125 0.8753240984374999 0.7574581499999999 0.92122278125 0.8125554781250001 0.8979285750000001 0.8336779953125 0.8952199437499999 0.8174298796875 0.8730091312500001 0.814180265625