0 0.6425332171875 0.511178365625 0.650544675 0.51375078125 0.658954 0.5108132703125 0.6703336046875 0.4943543765625 0.6784540578125 0.498485484375 0.6838004921875 0.4965453109375 0.68637290625 0.48853385156250007 0.6841385203125 0.45658062812500005 0.6997254578125001 0.45549068437500007 0.69999794375 0.45938741875 0.70384018125 0.45833558593749996 0.7017147890625 0.42794105625 0.707186603125 0.4165942203125 0.727035371875 0.43165257187500006 0.7309321062499999 0.4313800859375 0.7322183140625 0.42737435625 0.7469714078125 0.4255595625 0.7482412296875001 0.43251918749999996 0.756923040625 0.43347841093749995 0.7580838671875 0.4388793421875 0.7691963281249999 0.4521991234375 0.77766015 0.450040959375 0.7745210359375 0.42754889374999994 0.7998907734375 0.3983643484375 0.8048938390625 0.4027134453125 0.8095699203125 0.4023864625 0.8148237453125 0.38792224062499997 0.8154559859375 0.37456434843749997 0.810071440625 0.364759821875 0.808474634375 0.353124115625 0.7884242640625 0.323983021875 0.7876068046875 0.31229281875 0.7918469078125 0.305731059375 0.8119083249999999 0.2902313890625 0.8179414968750001 0.2757126703125 0.8275116484374999 0.27817609062500004 0.8358337046875001 0.296389940625 0.852112721875 0.31639686093749997 0.8648547578124999 0.3194216390625 0.870817046875 0.3150889265625 0.8697434875000001 0.288536634375 0.8572358250000001 0.2776638890625 0.8301877171875001 0.23804791718749999 0.8312559359374999 0.2309248 0.8405536015624999 0.2294914859375 0.84417785 0.22532226562500002 0.8437201453125001 0.19637743593749998 0.823539053125 0.14296759375 0.8175931500000001 0.1363349515625 0.8050691015625 0.1364275609375 0.79827296875 0.1400354234375 0.7883430625 0.1548266296875 0.7693281375 0.140493128125 0.7630933625 0.14092910625 0.758853259375 0.147490865625 0.746383709375 0.1483628203125 0.7382468703125 0.155197065625 0.7368897796875 0.1693888015625 0.7217388203125 0.176713521875 0.71816906875 0.181662090625 0.6548342984375 0.362301378125 0.655019515625 0.3873494734375 0.65032705 0.3986418109375 0.6507630265625 0.4048765875 0.6539349125 0.4054379453125 0.6629273203125 0.42203860468750004 0.660556509375 0.44413280468750005 0.6477272046875 0.46225938749999995 0.6509916984374999 0.4753447921875 0.646244734375 0.4858577828125 0.6452146265625001 0.5047256015625 0.642206234375 0.506502284375 0.6425332171875 0.511178365625
0 0.5938488140625 0.266354834375 0.5829613828125 0.1946846703125 0.545426325 0.1620724375 0.524741009375 0.3984318296875 0.554249321875 0.40028362343749996 0.5368963796874999 0.4602252921875 0.5388977953125 0.516855965625 0.6098392796875001 0.551047409375 0.5800480968749999 0.46112304687499994 0.6027452515625 0.3655707328125 0.572052865625 0.3187767578125 0.5794823578125 0.2849779046875 0.6032377890625 0.3165960953125 0.609944234375 0.3004662734375 0.5938488140625 0.266354834375
0 0.5730166078125001 0.780704803125 0.6301365328124999 0.8413116484375 0.6730473156250001 0.7267273890625 0.6072299546875 0.7097961015625 0.5730166078125001 0.780704803125
0 0.6103839328125 0.9229548031249999 0.5918784265625 0.8263684437500001 0.5306093421875 0.8523363609375 0.5258513984375 0.9464843640625 0.55980271875 0.9558559015625001 0.6011416015625 0.9588380296875 0.6103839328125 0.9229548031249999
0 0.2220502234375 0.43917411093750003 0.2186550671875 0.4746484625 0.25876794375 0.46009785000000003 0.2454074078125 0.5491244609375 0.300578275 0.6098675953125 0.336174696875 0.726792525 0.37288199375 0.6635398578125 0.241383734375 0.2675103015625 0.197481315625 0.2882626421875 0.2220502234375 0.43917411093750003
0 0.391440096875 0.45277811718749994 0.41514316874999996 0.42762934374999995 0.329793084375 0.304463128125 0.3167367171875 0.4208073375 0.391440096875 0.45277811718749994
0 0.5174373125 0.3500023609375 0.419659621875 0.2961538 0.40238668281249995 0.33462898750000003 0.50525043125 0.39979474375 0.5174373125 0.3500023609375
0 0.44087672343750006 0.4650743171875 0.38038493125 0.49074571718750004 0.37668581875 0.6339097515625001 0.4725459625 0.57630875625 0.475343871875 0.47627510937500006 0.44087672343750006 0.4650743171875
0 0.364887 0.1570785078125 0.3475551453125 0.0212579234375 0.27116576718749996 0.054036487499999994 0.2767183734375 0.100600409375 0.31556330625 0.0959264984375 0.3136770265625 0.2370061609375 0.364887 0.1570785078125
0 0.44207390625 0.1125289171875 0.464236590625 0.09336068125 0.46487577187499995 0.1305105328125 0.4382281453125 0.16956846406249998 0.4606213453125 0.181705834375 0.5024527625 0.1357133265625 0.48875700312500003 0.07990039843749999 0.4491366640625 0.0454763765625 0.4386843890625 0.0697329640625 0.44207390625 0.1125289171875
0 0 0.2363869796875 0.031241806249999997 0.2313070546875 0.0185100296875 0.273307109375 0.05704058125 0.29214647656250003 0.07172141562499999 0.250010128125 0.0462789515625 0.1382479875 0 0.1655666984375 0 0.2363869796875
0 0.12904034375 0.4535084234375 0.0350769015625 0.45420616562499994 0.0516752828125 0.5235193734375 0.1536654703125 0.5535820734375 0.13665841875 0.47842461875 0.16308595625 0.4922374875 0.1769075171875 0.4658220875 0.124314465625 0.35791610937499996 0.069120596875 0.32856480781249997 0.12904034375 0.4535084234375