0 0.16328125 0.49921875 0.2078125 0.2203125
0 0.0234375 0.740625 0.040625 0.1046875
0 0.09453125 0.64375 0.1375 0.05625
0 0.3921875 0.128125 0.071875 0.0921875
0 0.528125 0.66796875 0.1546875 0.2265625
0 0.2890625 0.92578125 0.31875 0.1484375
0 0.621875 0.88359375 0.1609375 0.2296875
0 0.9014926578125 0.8913948812499999 0.8924137343749999 0.8864162468749999 0.8804878078125 0.8900491421875 0.8663618218750001 0.8902957125000001 0.8606005828125 0.903667165625 0.8668025593750001 0.9155455375000001 0.8904803093749999 0.9228379375 0.9092626906250001 0.9195134156250001 0.9067369015625 0.946527403125 0.9153354484375 0.94851778125 0.9212409078125001 0.9188762484374999 0.9261385687500001 0.9050917828125 0.9417055546875 0.913810015625 0.945926390625 0.9103115781250001 0.92678033125 0.86826451875 0.9187517359375 0.8743979718749999 0.8847109328125 0.862149353125 0.8846212921875001 0.8570138093749999 0.8617847062499999 0.8488505546875 0.8405012390625 0.8560715484375001 0.8378730921875001 0.8526926625 0.8289511062500001 0.8567012437500001 0.7953457937499999 0.844873109375 0.7937008140625 0.848754671875 0.824354475 0.8632028796875 0.8185782953125 0.87571841875 0.8267547937499999 0.9313154203125 0.837649721875 0.9134858484375 0.8390780718749999 0.897193353125 0.8493290703125 0.8957301609374999 0.87074181875 0.871383140625 0.8767346312500001 0.8712785359374999 0.9003675609374999 0.8760031609375 0.9150262171874999 0.881740609375 0.9147624734375001 0.8911632562499999 0.9014926578125 0.8913948812499999
0 0.7328563765625 0.858530803125 0.72265554375 0.875252290625 0.7328370546875 0.8943387749999999 0.7688016203125 0.8941390984375 0.75584249375 0.8631145 0.7328563765625 0.858530803125
0 0.759559721875 0.5118605453125 0.7808656 0.5059234078125 0.80265185625 0.5029745546875 0.8214962203124999 0.4786723984375 0.8338076359375 0.4480628765625 0.82884496875 0.433594315625 0.7898541484375 0.432134434375 0.764033840625 0.44928078281249995 0.7629708296875 0.41291140156250006 0.77159925625 0.41661361562500004 0.790508628125 0.420564484375 0.7979746078125001 0.4067351828125 0.805739459375 0.41002440625 0.8105721765625 0.3679868796875 0.8427835343750001 0.3490166046875 0.8415165046874999 0.32549358281249996 0.8078768015625 0.3607563359375 0.7949154843749999 0.3541330796875 0.8233630218749999 0.315782596875 0.8374292484374999 0.31211234062500004 0.845652 0.3171059140625 0.854785503125 0.3006789390625 0.8554324453125 0.28868103437500003 0.8599468421875001 0.2774718203125 0.8511764828124999 0.2656382796875 0.8326952609375 0.261679934375 0.8281509203124999 0.2711773078125 0.840495175 0.291510328125 0.823626765625 0.30635994218749996 0.8294328249999999 0.2955562609375 0.78798869375 0.34979135 0.769892896875 0.3188563953125 0.7661225218750001 0.3236312296875 0.7501953515625 0.39240418906249996 0.7676113671875 0.38439451406249997 0.7702618921875 0.38905727031250004 0.7334240546874999 0.41281736249999995 0.7272668999999999 0.4035067453125 0.69042159375 0.4268388296875 0.6856583953125 0.44832664375000003 0.6572547625 0.4646618921875 0.6509332671875 0.44593613281250005 0.6560498156250001 0.42016121718750005 0.656002740625 0.4419948296875 0.6649172875 0.437558290625 0.67512575625 0.409125909375 0.6732141046875 0.37319942031250003 0.6893011171875 0.338116190625 0.70490030625 0.3241449125 0.7103478328125 0.2927990078125 0.7230947703124999 0.262609975 0.7156482109375 0.2284924796875 0.6918135859375 0.21221285625 0.6781007125 0.2115960265625 0.6788545265625 0.1811882359375 0.6855690140624999 0.1733653515625 0.7014004359375 0.148168109375 0.7037544125 0.1113109921875 0.729425315625 0.08560539375000001 0.7362018546875 0.056804859375 0.7299774375 0.04364259375 0.722677990625 0.042485728125 0.7105406765625 0.058537046875 0.701098675 0.081818903125 0.6711276859375 0.155546028125 0.6723349203125 0.17564534999999998 0.6609266890625001 0.18440635 0.654197259375 0.19137333437499998 0.669649971875 0.2180734578125 0.67146560625 0.24849739531249998 0.6628125125000001 0.2679126390625 0.6409493 0.2909832125 0.639468628125 0.3042799484375 0.6448966984375 0.3208808515625 0.6459395609375 0.33156498437500004 0.6396307140624999 0.3380965078125 0.6249795609375 0.3327870328125 0.6183793843750001 0.322628021875 0.560074315625 0.392140675 0.581589890625 0.39821703125 0.593642775 0.40185946093749997 0.6148268765625 0.41347630625000004 0.5915749203125 0.43057782031249997 0.5896587249999999 0.4434540703125 0.5851368265625 0.4542353375 0.5917892984375 0.46739010781249996 0.5961221859375 0.4703111171875 0.60657716875 0.4560015609375 0.6147573890625 0.43402601562500004 0.61792039375 0.41898753437499997 0.6289304515625 0.41194583281249997 0.622258496875 0.44673788593749997 0.6150688765625001 0.476401803125 0.613543384375 0.487130765625 0.6240932203125 0.5027860953125 0.6387069890625 0.5059557390625 0.652509503125 0.5117081296875 0.657474396875 0.5017753375 0.6483656265625 0.4950848109375 0.641367271875 0.4866450984375 0.6385748171875 0.47385103749999996 0.630705384375 0.46457035625 0.6274400531250001 0.449215996875 0.634005140625 0.43283383750000004 0.6427082671875 0.44081570625 0.6783440921875 0.5199105328125 0.6600921234375 0.5536204062500001 0.6598560375 0.5891562796875001 0.66291741875 0.6173570390625 0.6691642453125 0.63180315 0.6898958171875 0.63654524375 0.7025043890625 0.6284416625 0.7013046562499999 0.60877028125 0.6987833796875 0.58698153125 0.7006771671875 0.5728214109375 0.7084965640625 0.554704978125 0.7171421875 0.5348617765625 0.7286624390625 0.5325202234375 0.7461330015625001 0.503104921875 0.7537782984375 0.49954671250000005 0.759559721875 0.5118605453125
0 0.5756125625 0.04080354375 0.5776609640625 0.06003199375 0.58653590625 0.0778569921875 0.595074690625 0.0764236703125 0.5902263624999999 0.0439732046875 0.5837480265625 0.016260209375 0.5782728109375 0.021492903125 0.5756125625 0.04080354375
0 0.5324739171874999 0 0.5258254250000001 0.009565573437499999 0.5354518921875 0.02138415625 0.542599678125 0.038383128125 0.5358776890625 0.045778053125 0.515925490625 0.03114305 0.5239069734374999 0.0468431765625 0.52763770625 0.064329896875 0.5235886828125 0.0776714640625 0.5354548484375 0.0706148484375 0.5437620625 0.055914664062499994 0.5516785703125 0.043361779687500004 0.5644285296875 0.01282728125 0.5344476390625 0 0.5324739171874999 0
0 0.516340690625 0.4474255859375 0.5182419453125 0.43369339062499995 0.5158626015625 0.42003594531250005 0.5160217328125001 0.4046217953125 0.528510175 0.40868474062500004 0.5292714578125 0.3787049125 0.5335543125 0.3542288421875 0.5298033906249999 0.31105686875 0.5261249484375 0.2965659078125 0.5082435281250001 0.302443240625 0.49715133125 0.3047773234375 0.4411613 0.43332650624999997 0.4071159515625 0.4698805765625 0.4519255140625 0.48579407343750003 0.4638835453125 0.45947165312499993 0.463938125 0.43806602968749997 0.47446780625 0.42803608437499996 0.4909058734375 0.43759530468749996 0.4954404546875 0.4520713359375 0.5045641671875 0.45961774218749996 0.516340690625 0.4474255859375
0 0.20050110625 0.0051516093749999995 0.11230635156249999 0.0066910531250000006 0.104038284375 0.0204762953125 0.10946231718749999 0.032051528125 0.1711033359375 0.039900978125 0.18495283125 0.0123480625 0.1983600640625 0.010770865625 0.20050110625 0.0051516093749999995
0 0.144688753125 0.2198994515625 0.15721624375 0.21923305 0.1768989078125 0.21799403593750002 0.1950799125 0.23334703124999998 0.1980496890625 0.223893028125 0.1880388375 0.1891452515625 0.172851015625 0.165680978125 0.1549536265625 0.1409208125 0.13942749999999998 0.123730590625 0.11538974843750001 0.0829057109375 0.133894271875 0.165913234375 0.1220488421875 0.17999945781249999 0.1090971046875 0.1820164171875 0.1024911484375 0.1883998703125 0.12808756875 0.1924303234375 0.148171071875 0.1884979765625 0.142059671875 0.19755913281249998 0.1368436703125 0.20660466406250003 0.144688753125 0.2198994515625
0 0.381895434375 0.8093227671875001 0.3684941296875 0.7939644968749999 0.346102253125 0.7808147453125 0.324702815625 0.7774953953125 0.32114625 0.7853535640625 0.3145723171875 0.8084462921875 0.3325082703125 0.8249563703125 0.3354111125 0.8031587281249999 0.3680866484375 0.8411584984375 0.39495589531249997 0.8521784921875 0.4072430734375 0.85073304375 0.4189338125 0.8386296984375001 0.419432178125 0.820156575 0.3967088109375 0.81152611875 0.381895434375 0.8093227671875001