0 0.6395903656249999 0.53090636875 0.6471658453125 0.534568728125 0.655902153125 0.5328301578125 0.66946165 0.5181151749999999 0.676928134375 0.523336228125 0.6824925578125 0.522159015625 0.68615491875 0.5145835359375 0.6883893046875 0.4826303125 0.70397624375 0.48372025625 0.7037037578125 0.487616990625 0.7076549890625 0.48711013124999997 0.70978038125 0.45671560156249996 0.71677811875 0.446240721875 0.7343380015625 0.46391494062499994 0.7382347359375 0.46418742812499997 0.7400659171874999 0.4603996875 0.7549280046875 0.4606557875 0.7552168765625 0.46772440781249996 0.7636806984375 0.46988257187500004 0.7640785640625001 0.47539249687499996 0.7732291250000001 0.49012920624999995 0.781910934375 0.48916998125 0.7819326609374999 0.4664599265625 0.81111720625 0.44109018750000006 0.8154663046874999 0.44609325312500003 0.8201423859375 0.4464202359375 0.8273581125 0.43282797031250003 0.829843259375 0.4196880671875 0.8258756421875001 0.4092295734375 0.8259137531249999 0.39748487187500003 0.8101141671875001 0.36583690625 0.8109316249999999 0.35414670312499996 0.8160436843750001 0.34823891093750003 0.8380670015625 0.3356820921875 0.8460620750000001 0.32214432187500003 0.8551962484375 0.3259156765625 0.8609024375000001 0.345110478125 0.874238603125 0.3671882921875 0.8864356671875001 0.3719569828125 0.892942928125 0.3684962265625 0.8955751812500001 0.342052928125 0.8847024375 0.32954526562500003 0.8634310359375 0.28655046562500003 0.86548020625 0.2796453375 0.874886865625 0.2795199578125 0.8790560859375001 0.27589570937499996 0.882631178125 0.2471688671875 0.8700797 0.1914701421875 0.865114746875 0.1840745390625 0.85269969375 0.1824232359375 0.8454675828125 0.1850501484375 0.8335757750000001 0.19831543125 0.816740740625 0.18147505625 0.8105059656250001 0.181039078125 0.80539390625 0.18694687031249999 0.79292435625 0.1860749140625 0.7839155625 0.1917102203125 0.7805965703125 0.2055749734375 0.7645736546874999 0.210719803125 0.7603499359375 0.2151233984375 0.67249140625 0.38519022187499996 0.6691887999999999 0.410020328125 0.6629704109375 0.4205497046875 0.6625344328125 0.4267844796875 0.665597321875 0.42778181562500006 0.672191853125 0.4454724203125 0.6667691953125 0.467021646875 0.6515420109375001 0.4831863296875 0.6529535984375 0.49659871874999995 0.64678970625 0.506348746875 0.64314373125 0.52488958125 0.6399173499999999 0.5262302859375 0.6395903656249999 0.53090636875
0 0.62545260625 0.28168988437500003 0.6246456890625 0.209201971875 0.592014665625 0.171683246875 0.5386357875 0.40286356718749994 0.5675992078125 0.40880410312500004 0.5420728765625 0.465747359375 0.5361733484375 0.5221054515625 0.6016659046874999 0.5658372921875 0.5846797015625 0.4726419359375 0.6204542796875 0.3811783640625 0.5965730515625001 0.33056823125 0.6086341328125 0.298132290625 0.6277579765625 0.33274889375 0.6366439921875 0.3177094015625 0.62545260625 0.28168988437500003
0 0.5332394578125 0.7881349515625 0.581368653125 0.85610153125 0.639808878125 0.748604425 0.5769884249999999 0.7226779062500001 0.5332394578125 0.7881349515625
0 0.550445753125 0.9342011093749999 0.5455625625 0.8359792546874999 0.4812757109375 0.8531674453125 0.4634612015625 0.945737028125 0.49577784375 0.9597424734375 0.5362993875 0.9684488390625001 0.550445753125 0.9342011093749999
0 0.233220540625 0.40108293125000005 0.22492135000000002 0.43573953593750003 0.26666890312499997 0.4269131609375 0.24104828125000002 0.5132139437500001 0.28722841875 0.58104423125 0.3062056140625 0.7017853203125 0.3513587484375 0.6442568921875 0.2762568828125 0.23378044843749998 0.22989355156250002 0.2482207921875 0.233220540625 0.40108293125000005
0 0.399068609375 0.4381290578125 0.4260410375 0.41652386249999995 0.3586629984375 0.28267785624999997 0.3295417109375 0.396072715625 0.399068609375 0.4381290578125
0 0.53814325 0.35388893125 0.44881139687499993 0.286956396875 0.42635184531250003 0.32265321875 0.519145209375 0.401500653125 0.53814325 0.35388893125
0 0.44631282343749995 0.45718584062499995 0.3828369640625 0.474188578125 0.35924926875 0.615444534375 0.46219301718750005 0.5717452609375 0.47888568906250006 0.47307452968749997 0.44631282343749995 0.45718584062499995
0 0.41392735781249995 0.1416117 0.4156667484375 0.0047007859375 0.335458890625 0.026529003125 0.3344770140625 0.0734125421875 0.3735943921875 0.0741902875 0.352091978125 0.21363445312499998 0.41392735781249995 0.1416117
0 0.49656319218749995 0.10823800624999999 0.5211778921875 0.09234076249999999 0.51664059375 0.12921803125 0.4848164875 0.1641872203125 0.5053025625 0.1793230015625 0.5531277984375 0.13959989687500002 0.547332984375 0.08242405625 0.512889125 0.0428209609375 0.49916270625000003 0.065386809375 0.49656319218749995 0.10823800624999999
0 0.0902790515625 0.2325212578125 0.1106812578125 0.1928381546875 0.1010406828125 0.07862276875 0.0324569234375 0.107106259375 0.029811009375000003 0.1696191453125 0.073198559375 0.1686834234375 0.054745409375 0.2085028171875 0.0902790515625 0.2325212578125
0 0.139120875 0.4023332703125 0.0459747703125 0.3899470390625 0.052765082812499996 0.4608957421875 0.14957879062499999 0.504860165625 0.14319714687500001 0.42806721562499994 0.1674451125 0.445423659375 0.1848084765625 0.42118892187499996 0.1477448671875 0.3070135390625 0.09717305312499999 0.27026638125 0.139120875 0.4023332703125