0 0.6640625 0.45546875 0.65 0.47265625 0.65234375 0.4859375 0.646875 0.49609375 0.64453125 0.51484375 0.64140625 0.51640625 0.64140625 0.52109375 0.64921875 0.52421875 0.6578125 0.521875 0.6703125 0.50625 0.678125 0.5109375 0.68359375 0.509375 0.68671875 0.5015625 0.68671875 0.46953125 0.70234375 0.46953125 0.70234375 0.4734375 0.70625 0.47265625 0.70625 0.4421875 0.7125 0.43125 0.73125 0.44765625 0.73515625 0.44765625 0.73671875 0.44375 0.7515625 0.44296875 0.75234375 0.45 0.7609375 0.4515625 0.76171875 0.45703125 0.771875 0.47109375 0.78046875 0.46953125 0.77890625 0.446875 0.80625 0.41953125 0.8109375 0.42421875 0.815625 0.42421875 0.821875 0.41015625 0.8234375 0.396875 0.81875 0.38671875 0.81796875 0.375 0.8 0.34453125 0.8 0.3328125 0.8046875 0.3265625 0.82578125 0.3125 0.8328125 0.2984375 0.8421875 0.3015625 0.84921875 0.3203125 0.8640625 0.34140625 0.8765625 0.3453125 0.8828125 0.34140625 0.88359375 0.31484375 0.871875 0.303125 0.84765625 0.26171875 0.84921875 0.2546875 0.85859375 0.25390625 0.8625 0.25 0.8640625 0.22109375 0.84765625 0.16640625 0.8421875 0.159375 0.8296875 0.15859375 0.82265625 0.16171875 0.81171875 0.17578125 0.79375 0.16015625 0.7875 0.16015625 0.7828125 0.16640625 0.7703125 0.16640625 0.76171875 0.17265625 0.759375 0.18671875 0.74375 0.19296875 0.73984375 0.19765625 0.6640625 0.3734375 0.6625 0.3984375 0.65703125 0.409375 0.65703125 0.415625 0.66015625 0.41640625 0.66796875 0.43359375 0.6640625 0.45546875
0 0.5825650234374999 0.466801621875 0.6118722812499999 0.3730653421875 0.5845188421875 0.3242443625 0.5942879265625 0.291046096875 0.6157799171875 0.3242443625 0.623595184375 0.30862164999999997 0.6099184656250001 0.27347054531250004 0.6040570140625 0.201215496875 0.5688883031249999 0.1660643921875 0.531765778125 0.40040509062499996 0.5610730359375 0.40431076875 0.5395810453125 0.46289594218749996 0.5376272296875 0.519528278125 0.6060108296875 0.5585850609375 0.5825650234374999 0.466801621875
0 0.656810078125 0.7382462624999999 0.5923341109375 0.7167650328125 0.553257765625 0.7851144015625 0.6060108296875 0.8495580953124999 0.656810078125 0.7382462624999999
0 0.5806112078125001 0.9296245000000001 0.5688883031249999 0.8319825421875 0.5059570375 0.8536132875 0.4946432515625 0.947200053125 0.5278581421874999 0.9589170859375 0.5688883031249999 0.9647756046874999 0.5806112078125001 0.9296245000000001
0 0.2426008328125 0.5312453140625 0.2934000796875 0.59568900625 0.3207535203125 0.71481219375 0.3617836828125 0.6542741796875 0.258231371875 0.2500364765625 0.21298828749999998 0.2676757875 0.2269702953125 0.4199334828125 0.22110884375 0.4550845875 0.26213900625000003 0.44336755156249996 0.2426008328125 0.5312453140625
0 0.3438476625 0.2930664125 0.32270733749999997 0.408216446875 0.394998575 0.44532039062499995 0.420398196875 0.421886321875 0.3438476625 0.2930664125
0 0.4141601625 0.3282226625 0.51222760625 0.40040509062499996 0.5278581421874999 0.3515841125 0.43407491875000004 0.291046096875 0.4141601625 0.3282226625
0 0.477058896875 0.474612978125 0.4434570375 0.4610351625 0.381321853125 0.482424334375 0.367645134375 0.6249815921875 0.467289809375 0.574207775 0.477058896875 0.474612978125
0 0.389137121875 0.148488840625 0.381321853125 0.011790100000000001 0.3028320375 0.0391601625 0.3051229828125 0.0859979875 0.34419932656249996 0.0840451484375 0.3324764234375 0.2246495671875 0.389137121875 0.148488840625
0 0.46142835781249997 0.1660643921875 0.48292034843750004 0.17973426718750002 0.5278581421874999 0.13677180625000002 0.5180890578125 0.08013946875 0.4809665296875 0.043035526562499996 0.4688476625 0.0665039125 0.469243628125 0.10943205781250001 0.4926894328125 0.09185650468749999 0.49073561562499995 0.1289604484375 0.46142835781249997 0.1660643921875
0 0.0902030921875 0.22074388749999999 0.0726187375 0.1074792171875 0.006188953125 0.140677484375 0.0079101625 0.20322266249999998 0.05112675 0.19926265781250002 0.0354962109375 0.2402722796875 0.0726187375 0.2617535109375 0.0902030921875 0.22074388749999999
0 0.1507714265625 0.529292475 0.13904852343750002 0.45313174843750004 0.164448146875 0.4687544609375 0.18007868437500002 0.44336755156249996 0.1351408875 0.33205572031249997 0.0821289125 0.2989257875 0.133187071875 0.4277448375 0.039403846874999995 0.421886321875 0.05112675 0.4921885296875 0.1507714265625 0.529292475