0 0.2953125 0.38671875 0.0890625 0.178125
0 0.28046875 0.25234375 0.065625 0.053125
0 0.22109375 0.509375 0.0875 0.1625
0 0.278125 0.58203125 0.0484375 0.14375
0 0.21875 0.68046875 0.0484375 0.13125
0 0.24375 0.7890625 0.0453125 0.128125
0 0.25859375 0.71484375 0.059375 0.096875
0 0.2296875 0.90703125 0.05625 0.1859375
0 0.56953125 0.859375 0.040625 0.25625
0 0.6265625 0.565625 0.0265625 0.0875
0 0.71328125 0.56953125 0.075 0.065625
0 0.4234375 0.4515625 0.0234375 0.0421875
0 0.52265625 0.478125 0.065625 0.0265625