0 0.28828125 0.4015625 0.1015625 0.184375
0 0.2640625 0.26796875 0.06875 0.0578125
0 0.22265625 0.52890625 0.0984375 0.16875
0 0.284375 0.59765625 0.0578125 0.146875
0 0.23203125 0.7 0.0578125 0.134375
0 0.26484375 0.80625 0.0546875 0.1296875
0 0.27421875 0.73125 0.065625 0.1015625
0 0.2578125 0.91484375 0.06875 0.1703125
0 0.59453125 0.85390625 0.0578125 0.2578125
0 0.63046875 0.55625 0.0328125 0.0890625
0 0.71796875 0.5546875 0.0796875 0.071875
0 0.4203125 0.45703125 0.0265625 0.04375
0 0.52109375 0.4765625 0.0671875 0.03125