0 0.30859375 0.365625 0.1078125 0.1859375
0 0.3078125 0.23046875 0.0703125 0.059375
0 0.221875 0.48046875 0.1046875 0.1703125
0 0.27109375 0.55859375 0.0625 0.1484375
0 0.2015625 0.65 0.0625 0.1359375
0 0.21484375 0.7609375 0.0578125 0.13125
0 0.2375 0.68828125 0.06875 0.103125
0 0.18828125 0.8765625 0.075 0.190625
0 0.53125 0.86484375 0.0671875 0.2578125
0 0.61875 0.578125 0.0359375 0.0890625
0 0.7046875 0.59140625 0.08125 0.0734375
0 0.42890625 0.44375 0.028125 0.04375
0 0.525 0.48046875 0.06875 0.0328125