0 0.2859375 0.4046875 0.1046875 0.1859375
0 0.259375 0.27265625 0.0703125 0.059375
0 0.22265625 0.53359375 0.1015625 0.16875
0 0.2859375 0.60078125 0.0609375 0.1484375
0 0.2359375 0.70390625 0.059375 0.1359375
0 0.26953125 0.81015625 0.05625 0.13125
0 0.278125 0.73515625 0.0671875 0.103125
0 0.265625 0.91640625 0.071875 0.1671875
0 0.60078125 0.8515625 0.0625 0.2578125
0 0.63203125 0.5546875 0.034375 0.0890625
0 0.71875 0.55078125 0.08125 0.0734375
0 0.41953125 0.45859375 0.0265625 0.04375
0 0.5203125 0.4765625 0.0671875 0.0328125