0 0.06171875 0.26171875 0.10625 0.4375
0 0.2140625 0.14375 0.04375 0.1421875
0 0.3375 0.24375 0.075 0.1796875
0 0.38828125 0.78125 0.1296875 0.4375
0 0.72734375 0.49375 0.0828125 0.1828125
0 0.56328125 0.70859375 0.0765625 0.178125
0 0.7265625 0.70859375 0.0890625 0.171875
0 0.9515625 0.70625 0.0796875 0.196875
0 0.7765625 0.234375 0.05625 0.1765625
0 0.646875 0.33125 0.0625 0.1640625
0 0.7078125 0.3703125 0.0359375 0.0640625
0 0.80703125 0.4 0.0796875 0.115625
0 0.040625 0.6453125 0.0625 0.1015625