0 0.0796875 0.23203125 0.0765625 0.4328125
0 0.23984375 0.125 0.034375 0.140625
0 0.35546875 0.2328125 0.0625 0.17578125
0 0.36875 0.778125 0.09921875 0.44296875
0 0.72734375 0.509375 0.07109375 0.178125
0 0.5484375 0.7125 0.0640625 0.17421875
0 0.71171875 0.72421875 0.078125 0.16640625
0 0.9359375 0.7375 0.06640625 0.19296875
0 0.79453125 0.2546875 0.04453125 0.1734375
0 0.65859375 0.3421875 0.05078125 0.1609375
0 0.71640625 0.38515625 0.03125 0.06171875
0 0.81328125 0.421875 0.071875 0.11015625
0 0.03125 0.6125 0.05625 0.0984375