0 0.05703125 0.27734375 0.1140625 0.4390625
0 0.20234375 0.15390625 0.0484375 0.14375
0 0.328125 0.24921875 0.08125 0.18125
0 0.39765625 0.78203125 0.1453125 0.4359375
0 0.72734375 0.4859375 0.0890625 0.184375
0 0.5703125 0.70625 0.08125 0.1796875
0 0.734375 0.70078125 0.0953125 0.1734375
0 0.9578125 0.68984375 0.084375 0.1984375
0 0.7671875 0.225 0.0625 0.1765625
0 0.64140625 0.3265625 0.0671875 0.165625
0 0.703125 0.36328125 0.0375 0.0640625
0 0.803125 0.38984375 0.0828125 0.1171875
0 0.0453125 0.6609375 0.065625 0.103125