0 0.10390625 0.20703125 0.1140625 0.4140625
0 0.2734375 0.10390625 0.046875 0.14375
0 0.3796875 0.22109375 0.078125 0.18125
0 0.3453125 0.765625 0.1375 0.45
0 0.72578125 0.52890625 0.0859375 0.184375
0 0.5296875 0.715625 0.0796875 0.1796875
0 0.69140625 0.7421875 0.0921875 0.171875
0 0.91328125 0.77421875 0.0828125 0.1984375
0 0.81484375 0.28125 0.059375 0.1765625
0 0.671875 0.35625 0.0640625 0.1640625
0 0.72578125 0.4046875 0.0359375 0.0640625
0 0.81875 0.44921875 0.08125 0.115625
0 0.02734375 0.5703125 0.0546875 0.103125